0 0.691357 0.510539 0.052048 0.061548
0 0.468311 0.699818 0.066542 0.073298
0 0.597713 0.704415 0.065418 0.063278
0 0.542082 0.540931 0.053684 0.062433
0 0.647547 0.809634 0.099219 0.103202
0 0.734632 0.755392 0.085089 0.078255
0 0.659436 0.420220 0.033601 0.031558
3 0.942182 0.877157 0.115374 0.145706
0 0.625169 0.533033 0.047095 0.053914
0 0.452820 0.534697 0.055639 0.058657
0 0.755492 0.482598 0.062701 0.080207
0 0.780443 0.647812 0.091993 0.111688
2 0.597141 0.405094 0.045759 0.118156
0 0.839125 0.618161 0.062798 0.060603
2 0.664580 0.361646 0.051364 0.102905
2 0.559452 0.334240 0.043102 0.080087
0 0.531033 0.454554 0.042186 0.042020
2 0.478703 0.408733 0.046805 0.046632
0 0.719845 0.410408 0.036549 0.040072
