0 0.781515 0.826315 0.088337 0.077317
0 0.638468 0.830758 0.081680 0.071723
2 0.609985 0.451852 0.077332 0.130480
0 0.573205 0.637036 0.057771 0.063430
0 0.807105 0.571588 0.056000 0.049774
0 0.689376 0.653257 0.086271 0.096636
0 0.851837 0.767298 0.095353 0.073346
2 0.691606 0.462751 0.080716 0.145528
0 0.511101 0.809926 0.079999 0.082501
0 0.536165 0.434530 0.034520 0.038822
0 0.647829 0.592266 0.060113 0.057334
0 0.538836 0.516435 0.042575 0.049311
0 0.773820 0.512081 0.051980 0.047789
0 0.474553 0.631861 0.053734 0.054625
0 0.884014 0.663151 0.071726 0.061292
0 0.470485 0.418247 0.031131 0.030500
2 0.727052 0.361443 0.055968 0.096644
0 0.546558 0.384457 0.031004 0.031803
0 0.980628 0.765071 0.037994 0.066143
0 0.461565 0.510278 0.041007 0.042116
