0 0.522314 0.834475 0.080156 0.084037
0 0.927249 0.704194 0.079725 0.064416
0 0.666090 0.824235 0.090673 0.094971
0 0.734738 0.718862 0.081302 0.092758
0 0.701836 0.528919 0.059704 0.067530
0 0.597140 0.668479 0.066874 0.073043
0 0.492680 0.702638 0.066457 0.074978
0 0.547069 0.563604 0.053008 0.049902
0 0.806481 0.562302 0.060000 0.057133
0 0.755277 0.497427 0.053983 0.049233
0 0.675251 0.476406 0.039378 0.032507
0 0.507151 0.338689 0.032802 0.033405
0 0.720007 0.421752 0.038336 0.041426
0 0.470813 0.414340 0.034105 0.035644
0 0.599730 0.386108 0.033647 0.028621
3 0.891589 0.929319 0.211016 0.139650
0 0.559443 0.351662 0.032838 0.031881
