0 0.515557 0.724620 0.076372 0.081133
0 0.475919 0.541657 0.057486 0.057778
0 0.565690 0.510440 0.049186 0.051576
0 0.777648 0.615341 0.071781 0.063172
0 0.710374 0.487913 0.043044 0.044255
0 0.658646 0.550397 0.056802 0.054404
0 0.623817 0.716939 0.073637 0.068998
0 0.727726 0.685823 0.067904 0.068172
0 0.697728 0.862339 0.115172 0.123764
0 0.730441 0.533875 0.050519 0.052094
0 0.578904 0.605947 0.066314 0.069616
3 0.697876 0.863254 0.115435 0.123538
3 0.884340 0.822583 0.144167 0.121734
0 0.822818 0.544566 0.052931 0.052284
0 0.770252 0.459698 0.053576 0.054493
0 0.882923 0.823319 0.144668 0.119699
0 0.626413 0.459059 0.048905 0.046381
