0 0.492696 0.784947 0.072762 0.079574
0 0.483056 0.674321 0.066080 0.071016
0 0.656243 0.610055 0.058231 0.055089
0 0.824524 0.895567 0.087275 0.088279
0 0.833321 0.604702 0.062124 0.060503
0 0.503420 0.349834 0.034252 0.034803
0 0.569943 0.630908 0.057657 0.061970
0 0.759407 0.498303 0.044965 0.048424
0 0.688232 0.510598 0.044573 0.047153
0 0.796839 0.687487 0.070081 0.076288
0 0.626081 0.539922 0.049952 0.048625
0 0.721393 0.574017 0.055218 0.046094
0 0.916597 0.705035 0.086631 0.078150
0 0.544738 0.499596 0.040771 0.046904
0 0.665515 0.451349 0.038218 0.032605
0 0.988361 0.829917 0.022673 0.055611
0 0.719306 0.413794 0.035523 0.037753
