0 0.482835 0.630007 0.064278 0.063741
0 0.688888 0.880598 0.096531 0.099756
0 0.596135 0.941670 0.132715 0.107854
0 0.870797 0.601985 0.061243 0.063824
0 0.723360 0.523507 0.049494 0.057430
0 0.753461 0.720431 0.085043 0.098716
0 0.664923 0.576544 0.057619 0.074341
0 0.910609 0.805118 0.095412 0.097034
0 0.970358 0.743568 0.058563 0.082804
0 0.816795 0.678732 0.074837 0.077203
0 0.800353 0.523218 0.064990 0.083068
0 0.477318 0.523730 0.049750 0.050200
0 0.697165 0.464943 0.045551 0.054533
0 0.926480 0.966188 0.135519 0.066797
0 0.623864 0.472833 0.045556 0.043732
