0 0.918839 0.853774 0.100509 0.094527
0 0.539651 0.949447 0.089134 0.088972
0 0.753796 0.633615 0.067077 0.076251
3 0.917179 0.684276 0.097377 0.102287
0 0.812878 0.573006 0.065055 0.064041
0 0.713857 0.745835 0.084447 0.101970
0 0.699677 0.536039 0.050198 0.053109
0 0.611579 0.757043 0.081896 0.096276
0 0.815445 0.918136 0.104182 0.145815
0 0.752110 0.489039 0.039943 0.048795
3 0.611632 0.757195 0.081749 0.096751
2 0.660503 0.381552 0.044308 0.126657
0 0.782840 0.531385 0.056612 0.053846
0 0.675974 0.480903 0.052145 0.071238
