0 0.638059 0.574093 0.053944 0.054737
0 0.588061 0.689025 0.072163 0.072868
0 0.835770 0.600788 0.064338 0.066409
0 0.684784 0.676616 0.070576 0.073738
0 0.502460 0.744729 0.076796 0.077156
0 0.507141 0.890012 0.090983 0.085010
0 0.766118 0.513052 0.045565 0.049393
0 0.605699 0.443209 0.035725 0.045374
0 0.782855 0.663266 0.082052 0.079663
0 0.723610 0.419146 0.050670 0.056349
0 0.549961 0.573203 0.060854 0.063734
0 0.535777 0.430368 0.038638 0.043509
0 0.465709 0.615697 0.064144 0.065215
0 0.657220 0.377711 0.030881 0.032364
0 0.493335 0.384844 0.029031 0.021063
2 0.663881 0.338141 0.043531 0.097139
