0 0.823526 0.862157 0.101991 0.096681
0 0.870677 0.735248 0.088384 0.075694
0 0.952942 0.853839 0.093023 0.091565
0 0.712511 0.675774 0.076105 0.067374
0 0.698235 0.853575 0.102140 0.113014
0 0.643693 0.530018 0.057163 0.054622
0 0.783861 0.618914 0.066153 0.060950
0 0.833388 0.572149 0.064302 0.069251
0 0.597129 0.681674 0.070794 0.070665
0 0.731015 0.549296 0.057548 0.053502
0 0.967481 0.719178 0.064065 0.060384
0 0.470484 0.533763 0.052509 0.052773
0 0.507998 0.734097 0.085315 0.103132
0 0.792597 0.503822 0.052103 0.048790
