0 0.531970 0.864584 0.086384 0.089666
0 0.576663 0.640831 0.063065 0.066405
0 0.902611 0.829280 0.095641 0.086716
0 0.720296 0.958819 0.110845 0.075682
0 0.684979 0.683030 0.070643 0.068585
0 0.755488 0.789342 0.086187 0.092336
0 0.755575 0.627230 0.064205 0.061035
0 0.802037 0.734329 0.096551 0.070583
0 0.956356 0.764792 0.086514 0.082229
0 0.710351 0.559461 0.050275 0.049952
0 0.852666 0.934255 0.107030 0.103572
0 0.482541 0.705621 0.072331 0.084106
0 0.824832 0.585549 0.062852 0.067584
0 0.471723 0.642412 0.060212 0.058705
0 0.875619 0.658559 0.073125 0.056468
