0 0.789907 0.836074 0.095667 0.086421
0 0.658981 0.831167 0.080117 0.076155
0 0.643666 0.572418 0.061143 0.064493
0 0.508040 0.805210 0.091774 0.108485
0 0.832761 0.602160 0.058100 0.051577
0 0.609099 0.488975 0.043647 0.047033
0 0.465711 0.661227 0.052118 0.059744
0 0.575167 0.641520 0.060945 0.070761
0 0.779782 0.523767 0.049876 0.046577
0 0.807707 0.709044 0.080030 0.069467
0 0.919119 0.703839 0.081133 0.071478
0 0.472605 0.466622 0.042024 0.050725
2 0.535396 0.465178 0.042002 0.085557
0 0.691730 0.508031 0.047090 0.048585
0 0.716632 0.333783 0.028853 0.032095
0 0.665877 0.440992 0.038974 0.047449
0 0.455263 0.565325 0.058765 0.068516
0 0.702413 0.674039 0.102974 0.077524
