2 0.842576 0.513914 0.126532 0.183222
0 0.754641 0.759214 0.087885 0.094667
0 0.810067 0.675882 0.071312 0.067085
0 0.726218 0.940746 0.107542 0.097777
0 0.876528 0.763979 0.085287 0.079224
0 0.826367 0.878756 0.110079 0.107599
0 0.586397 0.633369 0.068619 0.063910
2 0.689677 0.377526 0.069271 0.117476
2 0.696946 0.594361 0.108219 0.167391
0 0.955577 0.866898 0.088320 0.085745
0 0.634155 0.738433 0.081630 0.091487
0 0.517278 0.807270 0.098588 0.134507
0 0.502251 0.660599 0.070043 0.070250
0 0.471533 0.559146 0.050026 0.054303
2 0.735443 0.288046 0.045921 0.073574
0 0.706177 0.489107 0.043740 0.048470
0 0.883655 0.624393 0.068814 0.070676
