0 0.461163 0.627376 0.062059 0.064304
0 0.805927 0.874078 0.093939 0.091585
0 0.574642 0.638946 0.057646 0.075230
0 0.681322 0.489158 0.048244 0.051904
0 0.702368 0.698751 0.077298 0.070304
0 0.611139 0.736846 0.077707 0.081719
0 0.657212 0.409466 0.035499 0.034391
0 0.694442 0.921077 0.106635 0.094572
0 0.743722 0.466458 0.061964 0.064209
2 0.664129 0.349710 0.048023 0.095118
0 0.524243 0.876942 0.107848 0.109249
0 0.536382 0.505101 0.048503 0.056325
0 0.456386 0.496077 0.048869 0.056052
3 0.894864 0.803413 0.117567 0.129152
0 0.816639 0.586087 0.054337 0.059016
0 0.511744 0.346375 0.029599 0.031849
0 0.616570 0.498022 0.043542 0.066954
3 0.755116 0.604781 0.087497 0.100007
0 0.909244 0.830217 0.086346 0.076539
0 0.754810 0.601886 0.084986 0.092630
