0 0.770162 0.671586 0.068408 0.069433
0 0.853444 0.646170 0.068912 0.058717
0 0.795175 0.854549 0.091823 0.085751
0 0.723153 0.592690 0.055538 0.062554
0 0.679505 0.505287 0.044411 0.045472
0 0.632883 0.543849 0.054086 0.058554
0 0.674003 0.655562 0.058971 0.063601
0 0.546066 0.615396 0.062672 0.060951
0 0.613952 0.755432 0.075826 0.075992
0 0.653050 0.843839 0.092006 0.094201
0 0.518049 0.835795 0.104596 0.138368
0 0.537363 0.511196 0.043629 0.046595
0 0.775712 0.528667 0.052126 0.046536
2 0.517945 0.835654 0.105592 0.138260
