0 0.891429 0.837864 0.089546 0.087884
0 0.800576 0.560516 0.053070 0.055061
0 0.686438 0.945471 0.099493 0.093931
0 0.639859 0.589872 0.071557 0.077973
0 0.702306 0.716544 0.071377 0.080856
0 0.610693 0.748635 0.079241 0.084900
0 0.548970 0.573911 0.052488 0.061352
0 0.676015 0.497186 0.043996 0.047431
0 0.498143 0.785897 0.088363 0.112657
0 0.949109 0.753722 0.093916 0.097741
0 0.466116 0.455824 0.038403 0.048104
3 0.948719 0.754015 0.093736 0.097375
0 0.478253 0.651302 0.066789 0.088394
0 0.491222 0.368891 0.046508 0.047762
0 0.600531 0.476580 0.037408 0.045878
