0 0.610712 0.677526 0.082183 0.088168
0 0.705855 0.862035 0.091812 0.096937
0 0.785939 0.511899 0.054123 0.046962
0 0.499780 0.614644 0.061035 0.061055
0 0.537195 0.801440 0.102792 0.139863
0 0.576717 0.576096 0.055653 0.062947
0 0.661311 0.549562 0.055958 0.057604
0 0.699507 0.623845 0.077629 0.095473
0 0.853978 0.598824 0.065310 0.077201
0 0.557106 0.494057 0.048312 0.052127
0 0.959596 0.715253 0.079736 0.093817
0 0.309592 0.691461 0.027866 0.027527
0 0.830442 0.691407 0.078817 0.084728
3 0.853734 0.598810 0.065770 0.077905
0 0.490071 0.557679 0.053240 0.059291
3 0.830329 0.690715 0.079110 0.085344
