0 0.623945 0.800984 0.081248 0.080072
0 0.737673 0.771377 0.080851 0.070221
0 0.575270 0.677642 0.065553 0.067125
0 0.480116 0.683415 0.069023 0.085116
0 0.543435 0.543387 0.043021 0.047611
0 0.723255 0.959191 0.107339 0.073151
2 0.814863 0.646993 0.184309 0.252229
0 0.960628 0.765440 0.078119 0.090923
0 0.607361 0.513546 0.045634 0.049025
0 0.873173 0.301459 0.035642 0.035215
0 0.466893 0.458695 0.045055 0.039519
0 0.736276 0.464747 0.042710 0.046965
0 0.922521 0.318990 0.053104 0.050966
0 0.460553 0.524817 0.052472 0.054081
0 0.537951 0.433426 0.043060 0.039961
0 0.770061 0.504261 0.061103 0.051139
