0 0.851200 0.625058 0.066890 0.058374
0 0.685281 0.659094 0.073600 0.063135
0 0.813326 0.713563 0.067570 0.069143
0 0.719664 0.566371 0.063564 0.073615
0 0.790672 0.537946 0.055155 0.055101
0 0.752403 0.781662 0.080071 0.085145
0 0.467734 0.610354 0.061143 0.051862
0 0.685832 0.490959 0.050142 0.056452
0 0.517849 0.877214 0.088958 0.090543
3 0.486138 0.713421 0.077365 0.100060
3 0.633385 0.784586 0.105456 0.112838
0 0.913331 0.692658 0.092740 0.084130
0 0.464253 0.442401 0.035236 0.029612
0 0.616699 0.520512 0.046690 0.063405
2 0.535379 0.446914 0.053112 0.155288
3 0.912333 0.687908 0.091880 0.094064
