2 0.466912 0.459234 0.062686 0.144667
0 0.575742 0.660216 0.061231 0.068165
0 0.494538 0.756198 0.076307 0.096262
0 0.461479 0.602852 0.054328 0.058624
0 0.662617 0.408055 0.031583 0.034868
0 0.546738 0.554201 0.048925 0.052939
3 0.833945 0.902672 0.101820 0.099432
2 0.856257 0.583347 0.129494 0.175287
3 0.899547 0.821277 0.101233 0.090882
0 0.544317 0.943490 0.114235 0.104346
2 0.597090 0.399773 0.052864 0.114038
3 0.644125 0.807401 0.086125 0.095081
3 0.855805 0.583609 0.129495 0.175923
0 0.898781 0.820741 0.102515 0.088952
0 0.721385 0.726671 0.070904 0.075501
