2 0.779260 0.469961 0.097746 0.144717
0 0.936804 0.874976 0.097163 0.094102
0 0.727746 0.580309 0.060911 0.066926
0 0.707067 0.726112 0.068240 0.078548
0 0.817510 0.580934 0.060782 0.056631
0 0.513179 0.846897 0.077835 0.086582
0 0.649391 0.851376 0.076964 0.082623
0 0.573536 0.660362 0.057115 0.063814
0 0.675765 0.660642 0.065828 0.060872
0 0.790691 0.853879 0.091311 0.083976
0 0.622291 0.558961 0.049760 0.045752
0 0.503659 0.751299 0.072863 0.078828
0 0.696470 0.518383 0.045041 0.047205
3 0.843011 0.688713 0.126409 0.162879
0 0.476943 0.676545 0.075044 0.079269
