0 0.929257 0.861811 0.093300 0.087690
0 0.479045 0.700111 0.063293 0.070939
0 0.641516 0.592179 0.056823 0.060843
0 0.865699 0.731459 0.075558 0.067137
0 0.555905 0.590902 0.058219 0.056603
3 0.754208 0.789205 0.106616 0.113389
0 0.791762 0.540578 0.056585 0.058615
0 0.744683 0.475377 0.042087 0.048772
0 0.616786 0.516677 0.050703 0.059074
0 0.675748 0.469064 0.051340 0.071806
0 0.536037 0.513541 0.048747 0.051714
0 0.860143 0.624823 0.088422 0.088922
0 0.658427 0.410757 0.035790 0.055848
0 0.676365 0.899369 0.129669 0.147883
3 0.676486 0.902381 0.128703 0.150935
0 0.732102 0.575015 0.072030 0.077518
0 0.660174 0.359306 0.026897 0.034688
0 0.513509 0.350081 0.031294 0.023759
0 0.540131 0.315294 0.034085 0.031556
