0 0.512335 0.766282 0.079083 0.087442
0 0.630351 0.743881 0.074886 0.084800
0 0.785084 0.787659 0.094382 0.088514
0 0.758877 0.462008 0.058754 0.065446
0 0.689993 0.623170 0.069978 0.083378
0 0.561854 0.945320 0.100718 0.101095
0 0.637792 0.490863 0.045937 0.045467
0 0.948410 0.713102 0.078750 0.073215
0 0.656669 0.542486 0.052370 0.064629
0 0.483610 0.493037 0.045903 0.046955
0 0.663475 0.360912 0.033400 0.036988
0 0.484495 0.663704 0.070786 0.063648
0 0.911534 0.932171 0.159455 0.130616
0 0.741773 0.950883 0.112189 0.091391
0 0.309089 0.692416 0.029231 0.028276
