0 0.488078 0.733068 0.075859 0.074977
0 0.658143 0.842749 0.092191 0.089499
0 0.679266 0.671208 0.077975 0.070539
0 0.592013 0.719588 0.076208 0.075810
0 0.540193 0.918937 0.093869 0.099236
0 0.774592 0.830578 0.103618 0.116961
0 0.547352 0.542289 0.055188 0.057242
0 0.634044 0.568197 0.060993 0.061668
3 0.856924 0.628009 0.073165 0.068071
0 0.818344 0.589105 0.062522 0.050652
2 0.532402 0.415524 0.042550 0.094774
3 0.836081 0.745151 0.099849 0.106940
0 0.856210 0.628154 0.072245 0.068598
0 0.888230 0.689013 0.077665 0.079225
0 0.837502 0.745242 0.096933 0.104300
