0 0.710001 0.662598 0.066548 0.069502
0 0.738120 0.555652 0.059412 0.053581
0 0.554650 0.382800 0.038794 0.037375
0 0.698787 0.873769 0.101573 0.116002
0 0.814269 0.534538 0.060992 0.064087
0 0.558976 0.485349 0.034985 0.043980
0 0.860276 0.715286 0.078831 0.089296
0 0.576764 0.945698 0.107824 0.093687
0 0.750560 0.413999 0.039410 0.040726
0 0.627385 0.473099 0.063700 0.074048
0 0.780886 0.480930 0.061486 0.062739
0 0.565461 0.341131 0.032325 0.031040
0 0.703624 0.471406 0.050319 0.053604
3 0.627315 0.473995 0.063015 0.076011
