0 0.532460 0.869269 0.086673 0.111303
0 0.584990 0.678606 0.069841 0.060944
0 0.802475 0.562971 0.060852 0.050855
0 0.704657 0.529624 0.041625 0.054121
0 0.737567 0.464239 0.038567 0.042077
0 0.689423 0.864889 0.085674 0.085452
0 0.484094 0.694305 0.067992 0.063815
0 0.883868 0.657260 0.072008 0.058130
0 0.723606 0.420700 0.048090 0.041507
0 0.757608 0.621714 0.082192 0.081505
3 0.640548 0.550882 0.086027 0.120555
0 0.657719 0.432829 0.052303 0.043898
0 0.599748 0.422419 0.039213 0.032553
2 0.640508 0.551340 0.084144 0.117904
0 0.547037 0.387121 0.031314 0.026893
2 0.530919 0.470359 0.044766 0.088992
