0 0.864979 0.643172 0.067893 0.064827
0 0.531563 0.923573 0.087755 0.086668
0 0.839586 0.754685 0.079457 0.074157
0 0.698880 0.684821 0.073552 0.071032
0 0.735200 0.596263 0.080035 0.076828
0 0.462864 0.527559 0.045505 0.051569
0 0.586231 0.681986 0.072800 0.082533
0 0.777415 0.824131 0.073601 0.059746
0 0.543464 0.521675 0.051182 0.053520
0 0.468256 0.635215 0.063839 0.059425
0 0.798935 0.554364 0.055978 0.048308
0 0.647482 0.820504 0.110544 0.111431
0 0.694991 0.513775 0.050091 0.051409
0 0.935766 0.715766 0.095014 0.093973
0 0.623955 0.546335 0.051854 0.051336
2 0.604729 0.395071 0.056222 0.119630
0 0.490494 0.741210 0.083514 0.106846
0 0.461343 0.452753 0.035702 0.037873
0 0.728754 0.431122 0.050084 0.048075
0 0.536811 0.418297 0.037781 0.047165
0 0.484111 0.389235 0.035895 0.031976
