0 0.659908 0.794955 0.101771 0.108954
0 0.534834 0.838902 0.089010 0.096571
0 0.652165 0.533953 0.054606 0.054958
0 0.606245 0.670267 0.069692 0.070603
0 0.503553 0.670306 0.071095 0.068122
0 0.756850 0.594535 0.074049 0.059334
0 0.562439 0.487655 0.047855 0.049698
0 0.570751 0.574127 0.059945 0.062032
3 0.964932 0.737154 0.069117 0.090475
0 0.801623 0.522511 0.051844 0.047818
0 0.703442 0.474576 0.042464 0.044747
0 0.707695 0.653099 0.071840 0.072756
0 0.475344 0.507850 0.056554 0.056321
3 0.834262 0.767168 0.130535 0.121268
0 0.833605 0.766873 0.131361 0.121913
