0 0.900172 0.779067 0.104740 0.091635
0 0.725142 0.678890 0.075662 0.067824
0 0.846503 0.884176 0.111904 0.098911
0 0.527502 0.837118 0.097088 0.093354
0 0.791853 0.632017 0.064695 0.062584
0 0.754090 0.573254 0.057351 0.051336
0 0.678521 0.843879 0.078695 0.085412
0 0.614055 0.665607 0.065668 0.067458
0 0.966009 0.735197 0.066925 0.070513
0 0.771752 0.467365 0.052641 0.047860
0 0.744010 0.409151 0.045421 0.036199
0 0.857872 0.582108 0.068789 0.071404
0 0.653213 0.532609 0.056779 0.064816
0 0.707888 0.499584 0.051594 0.057494
0 0.482363 0.412773 0.036346 0.033338
0 0.554794 0.481661 0.041723 0.040246
