0 0.668236 0.806302 0.086043 0.085479
0 0.737407 0.940338 0.101070 0.102619
0 0.724369 0.689180 0.073332 0.073207
0 0.677611 0.601023 0.063171 0.060651
0 0.891670 0.767459 0.094004 0.090593
0 0.522972 0.808995 0.089130 0.082355
0 0.820360 0.851548 0.107786 0.111601
0 0.579599 0.585889 0.060540 0.058558
0 0.484383 0.635331 0.035175 0.065275
0 0.643267 0.526488 0.048376 0.046695
0 0.801691 0.653370 0.070726 0.071658
0 0.855412 0.597085 0.066995 0.062688
0 0.611472 0.693024 0.077765 0.066385
0 0.778462 0.481670 0.045091 0.048127
0 0.877680 0.228952 0.029312 0.031769
0 0.816390 0.532285 0.058059 0.060332
0 0.564906 0.510159 0.041651 0.030196
0 0.965049 0.875311 0.068954 0.155182
