0 0.574510 0.633052 0.060426 0.062112
0 0.635374 0.573502 0.067452 0.065085
0 0.715769 0.702613 0.067729 0.065523
0 0.746958 0.469246 0.046567 0.044397
0 0.687600 0.479368 0.061725 0.063449
0 0.727449 0.416902 0.042146 0.032721
0 0.721537 0.564134 0.064038 0.055560
0 0.658149 0.426677 0.040962 0.038779
0 0.803818 0.559268 0.060615 0.057860
0 0.880243 0.768363 0.070531 0.077141
0 0.611849 0.507553 0.050331 0.052334
0 0.538404 0.385541 0.035447 0.038360
0 0.467859 0.605143 0.064955 0.061028
0 0.552925 0.349938 0.031012 0.034437
