0 0.632019 0.724670 0.084822 0.095341
0 0.589262 0.612985 0.060500 0.066275
0 0.556314 0.893745 0.116257 0.146698
0 0.673189 0.576619 0.057854 0.063327
0 0.628754 0.473181 0.047832 0.051558
0 0.560985 0.518177 0.050493 0.054537
0 0.509899 0.658602 0.062084 0.069554
0 0.857979 0.733514 0.084449 0.089198
0 0.802765 0.533714 0.055357 0.055584
0 0.718841 0.655516 0.082095 0.101830
3 0.878278 0.629886 0.068333 0.078527
0 0.500117 0.383616 0.034372 0.035476
0 0.744198 0.941810 0.101045 0.100284
3 0.719518 0.655929 0.081887 0.101532
0 0.309165 0.692351 0.029609 0.028046
