0 0.808129 0.642551 0.074466 0.069151
0 0.762296 0.804753 0.088073 0.098744
0 0.666462 0.645088 0.079351 0.089571
0 0.622617 0.543434 0.054267 0.055684
0 0.540480 0.539369 0.044762 0.050827
0 0.770244 0.526364 0.056345 0.058464
0 0.717954 0.962980 0.102345 0.060987
0 0.600574 0.470469 0.052316 0.058691
0 0.697015 0.536379 0.047810 0.050119
3 0.939511 0.861776 0.120086 0.172291
0 0.574510 0.677956 0.070736 0.111393
0 0.742361 0.495157 0.047489 0.046488
0 0.481323 0.700553 0.079989 0.103097
0 0.676448 0.489849 0.053801 0.065465
