0 0.471751 0.596216 0.053788 0.059058
0 0.835528 0.621268 0.070468 0.069412
0 0.619476 0.532618 0.051385 0.054792
0 0.548205 0.564188 0.052797 0.055212
0 0.605392 0.726016 0.096305 0.091533
0 0.729363 0.758091 0.082884 0.072913
0 0.646687 0.606448 0.061134 0.060310
0 0.743033 0.471162 0.048627 0.053182
0 0.709066 0.542603 0.067667 0.070932
0 0.883230 0.787058 0.103251 0.090481
0 0.684202 0.900064 0.114001 0.127294
3 0.684168 0.899285 0.113988 0.126437
0 0.717114 0.402540 0.037940 0.035323
0 0.663820 0.436380 0.038785 0.044896
