0 0.638417 0.582194 0.053278 0.060787
0 0.567202 0.630977 0.063071 0.060380
0 0.671429 0.931280 0.105266 0.118738
0 0.548277 0.539348 0.048305 0.066766
0 0.531088 0.448551 0.037251 0.036014
0 0.486416 0.396384 0.032974 0.040121
0 0.484589 0.780684 0.080024 0.097369
2 0.854581 0.851763 0.289773 0.295907
0 0.550902 0.365548 0.035882 0.046263
0 0.456361 0.542958 0.046879 0.051388
0 0.477460 0.686599 0.065432 0.089893
0 0.014774 0.521164 0.029537 0.030076
0 0.597308 0.459001 0.043835 0.038552
0 0.793813 0.564190 0.061808 0.065302
0 0.677642 0.498852 0.055635 0.053949
