0 0.606107 0.615884 0.061748 0.060696
0 0.482127 0.396637 0.034709 0.036017
0 0.613011 0.452578 0.038154 0.040636
0 0.657371 0.411536 0.036635 0.036742
0 0.536130 0.481607 0.041901 0.047751
0 0.478116 0.607494 0.058719 0.072577
3 0.644631 0.780575 0.084664 0.092648
0 0.745674 0.584102 0.075931 0.100957
0 0.644387 0.780056 0.084375 0.094810
0 0.588307 0.968663 0.126125 0.061998
0 0.723301 0.403739 0.042330 0.075510
0 0.566773 0.327825 0.033358 0.028102
0 0.512524 0.345895 0.032701 0.028112
3 0.723800 0.405280 0.043217 0.072009
