0 0.698455 0.636633 0.066244 0.070412
0 0.535505 0.770092 0.077945 0.074543
0 0.620497 0.701190 0.070897 0.074929
0 0.685061 0.839914 0.101346 0.110331
0 0.573648 0.576353 0.058046 0.063197
0 0.838048 0.583923 0.062143 0.059565
0 0.506457 0.669145 0.065973 0.068223
2 0.681093 0.286738 0.055198 0.079190
0 0.642915 0.520608 0.057890 0.052431
3 0.939768 0.703139 0.086724 0.086502
0 0.939457 0.702905 0.085773 0.085139
0 0.937934 0.826856 0.108990 0.101664
0 0.490143 0.417899 0.038052 0.039687
3 0.760073 0.730117 0.099374 0.111314
0 0.759711 0.730355 0.100537 0.112224
2 0.623692 0.312896 0.052615 0.094465
0 0.630228 0.459549 0.043676 0.048612
0 0.309302 0.691822 0.029628 0.028450
