0 0.501663 0.804539 0.083756 0.089535
0 0.573696 0.635480 0.058199 0.061060
0 0.863155 0.770034 0.084150 0.077871
2 0.669865 0.407458 0.064110 0.123656
0 0.689309 0.668964 0.072105 0.072228
0 0.702104 0.899283 0.104556 0.105313
0 0.828004 0.882845 0.094118 0.085858
0 0.633789 0.551847 0.070148 0.072873
0 0.913119 0.686273 0.074642 0.060301
0 0.968744 0.776404 0.062012 0.086275
0 0.741430 0.603045 0.061084 0.053169
0 0.476253 0.645866 0.056318 0.070122
0 0.607661 0.490106 0.047433 0.042442
0 0.461561 0.518649 0.039746 0.042613
0 0.544016 0.510366 0.045100 0.045387
