0 0.902620 0.845168 0.101195 0.076229
0 0.487077 0.786105 0.074333 0.077167
0 0.888306 0.680809 0.070679 0.056529
0 0.466625 0.645893 0.069205 0.078916
0 0.678369 0.647137 0.066689 0.076772
0 0.308898 0.523142 0.050115 0.040102
0 0.627957 0.767523 0.074962 0.069948
0 0.491605 0.534061 0.037070 0.036807
0 0.817122 0.585183 0.055523 0.035640
0 0.469362 0.492301 0.037249 0.039376
3 0.770221 0.800169 0.096327 0.099954
0 0.770247 0.799858 0.096144 0.100230
3 0.678410 0.647743 0.067841 0.072884
0 0.560638 0.963193 0.129666 0.070716
0 0.570765 0.453703 0.033250 0.038920
0 0.501150 0.426186 0.032500 0.028740
0 0.078386 0.518837 0.082585 0.053874
0 0.718889 0.558223 0.049934 0.054596
