0 0.692112 0.855329 0.095936 0.094677
2 0.527891 0.751017 0.145914 0.238475
0 0.728633 0.692870 0.080649 0.078645
0 0.854262 0.922312 0.113447 0.135193
0 0.948767 0.875770 0.101573 0.120921
0 0.619128 0.708937 0.088121 0.100673
0 0.983616 0.736597 0.031968 0.068103
0 0.685547 0.620321 0.060941 0.057695
0 0.698985 0.496059 0.050714 0.049319
0 0.793812 0.650000 0.069090 0.064886
2 0.483522 0.537944 0.077891 0.125032
0 0.798917 0.501156 0.057145 0.054407
0 0.769618 0.463188 0.042578 0.045775
0 0.736675 0.561194 0.059910 0.058288
0 0.972262 0.315893 0.054799 0.039234
2 0.887561 0.623531 0.078374 0.084593
0 0.576268 0.594001 0.055420 0.046397
0 0.826661 0.557019 0.072156 0.074631
0 0.529051 0.751350 0.143784 0.236355
3 0.528612 0.750592 0.144770 0.238742
0 0.619476 0.480743 0.040591 0.037630
