0 0.759867 0.637166 0.064716 0.073190
0 0.793876 0.843361 0.105338 0.093375
0 0.686632 0.899945 0.089933 0.085121
0 0.711626 0.710734 0.080754 0.077267
0 0.692885 0.524653 0.063828 0.062951
0 0.654361 0.599100 0.067162 0.066401
0 0.605379 0.722058 0.088157 0.087956
0 0.609001 0.489697 0.040379 0.050837
0 0.501592 0.803605 0.088122 0.095416
0 0.538402 0.463185 0.041116 0.049414
0 0.558302 0.597916 0.055223 0.074823
0 0.773976 0.505342 0.053726 0.066379
0 0.472208 0.414011 0.037802 0.035317
0 0.461980 0.473991 0.041135 0.053184
3 0.475403 0.652754 0.069802 0.093070
0 0.821633 0.591948 0.057523 0.055660
