0 0.489793 0.771939 0.075770 0.082060
0 0.590752 0.739387 0.072617 0.082280
0 0.649095 0.605705 0.057613 0.073703
0 0.784674 0.695036 0.071418 0.069414
0 0.938210 0.757086 0.089751 0.079976
0 0.469986 0.655753 0.061860 0.063055
0 0.566147 0.622917 0.059042 0.060002
0 0.776406 0.515091 0.051722 0.057247
0 0.612186 0.516829 0.052743 0.061914
0 0.712024 0.414609 0.036018 0.045832
0 0.742030 0.781254 0.082177 0.092018
0 0.511501 0.346629 0.041910 0.038749
3 0.953054 0.892991 0.092834 0.124452
2 0.535229 0.430204 0.044255 0.199797
3 0.079495 0.373443 0.063417 0.055795
