0 0.685882 0.633301 0.071889 0.067996
0 0.901258 0.642059 0.068712 0.063355
0 0.803640 0.649257 0.066665 0.060138
0 0.795723 0.810410 0.093482 0.095991
0 0.737503 0.543094 0.051966 0.054369
0 0.506818 0.702124 0.064676 0.075681
0 0.660266 0.785631 0.080955 0.085177
0 0.637591 0.522835 0.055465 0.051188
0 0.582148 0.580282 0.062809 0.068856
0 0.774903 0.596457 0.061926 0.054264
0 0.709126 0.496892 0.045570 0.046831
0 0.968088 0.907014 0.062794 0.091774
0 0.486065 0.416672 0.033164 0.038195
0 0.828531 0.962487 0.045074 0.058053
