0 0.809852 0.836364 0.096923 0.094412
0 0.717333 0.512907 0.050841 0.051050
0 0.673740 0.602786 0.057586 0.061710
0 0.526197 0.834736 0.079571 0.089399
0 0.489748 0.621762 0.060087 0.064288
0 0.688251 0.858139 0.095203 0.108425
0 0.584246 0.604316 0.064082 0.075823
0 0.787881 0.627726 0.079360 0.074917
0 0.635874 0.512457 0.042032 0.053644
2 0.762048 0.413710 0.081857 0.131094
0 0.904406 0.657739 0.082626 0.086427
0 0.821053 0.529983 0.064316 0.078909
0 0.622598 0.451822 0.037575 0.046967
2 0.635993 0.275712 0.039833 0.078988
0 0.915301 0.791304 0.116866 0.118752
3 0.915442 0.790613 0.117442 0.119086
0 0.987376 0.767793 0.024579 0.068815
