0 0.486690 0.708208 0.070012 0.070606
0 0.556594 0.582522 0.055707 0.055451
2 0.629546 0.500990 0.089473 0.158984
0 0.684956 0.664641 0.069185 0.057216
0 0.609976 0.741113 0.073397 0.068448
2 0.721356 0.511721 0.076736 0.149230
0 0.843384 0.622444 0.062549 0.053953
0 0.557745 0.351006 0.031974 0.027958
0 0.542868 0.951783 0.104981 0.092105
0 0.797926 0.557518 0.052688 0.047926
2 0.724663 0.380893 0.068184 0.107115
2 0.748483 0.730182 0.104124 0.100736
0 0.866379 0.287615 0.031903 0.025595
0 0.466424 0.573470 0.049316 0.052831
0 0.507012 0.356372 0.027315 0.023506
0 0.458438 0.469627 0.043289 0.045597
0 0.535755 0.417402 0.033979 0.036165
