0 0.841152 0.613374 0.065749 0.069968
0 0.569282 0.659704 0.060291 0.070831
0 0.691001 0.533047 0.047883 0.054187
0 0.544164 0.558348 0.051971 0.069892
0 0.806525 0.699575 0.077399 0.077854
0 0.769481 0.522729 0.060290 0.071870
0 0.804758 0.886921 0.095357 0.095383
0 0.741296 0.621411 0.056998 0.067750
0 0.456250 0.509429 0.041304 0.056276
0 0.612834 0.523412 0.043471 0.054513
3 0.499465 0.781453 0.091397 0.110617
0 0.702363 0.938273 0.106289 0.111526
0 0.685854 0.677576 0.085384 0.099712
0 0.499680 0.782077 0.091249 0.111060
