0 0.757945 0.631430 0.069901 0.066166
0 0.911556 0.852617 0.103242 0.086603
0 0.696186 0.513641 0.056572 0.048720
0 0.788430 0.537636 0.057761 0.056651
0 0.489245 0.711160 0.070160 0.072702
0 0.735289 0.472243 0.039822 0.038887
0 0.615551 0.511435 0.046515 0.046400
0 0.764376 0.799259 0.080060 0.084376
0 0.669685 0.433709 0.040173 0.036096
0 0.899522 0.963387 0.184031 0.068900
0 0.529878 0.455245 0.038778 0.042469
0 0.587600 0.693884 0.074102 0.064163
0 0.948471 0.336018 0.043383 0.026229
0 0.545849 0.379581 0.036979 0.039211
0 0.852250 0.273972 0.025928 0.023092
0 0.711017 0.413137 0.037931 0.038078
