0 0.487131 0.629247 0.063511 0.060518
0 0.885097 0.603158 0.073002 0.072379
0 0.549951 0.825622 0.088993 0.087473
0 0.775771 0.603252 0.063217 0.061907
0 0.776061 0.474653 0.048500 0.046836
0 0.474082 0.445985 0.042211 0.040934
0 0.572666 0.569414 0.053211 0.050368
0 0.645336 0.534292 0.057493 0.054734
0 0.721612 0.698302 0.056216 0.063498
0 0.704667 0.858379 0.098613 0.087841
0 0.735437 0.523319 0.055067 0.058927
0 0.702675 0.468896 0.052043 0.052885
0 0.472165 0.561522 0.058363 0.063038
0 0.556036 0.415978 0.037961 0.038723
0 0.627446 0.466033 0.041427 0.036997
0 0.499651 0.374943 0.029885 0.029194
