0 0.607986 0.736153 0.076611 0.076415
0 0.500821 0.813242 0.083676 0.097463
0 0.476879 0.638607 0.054150 0.059465
0 0.650604 0.565365 0.058931 0.062833
0 0.570487 0.608075 0.056826 0.059617
2 0.597129 0.410007 0.056498 0.088393
0 0.810065 0.567656 0.057906 0.049115
0 0.759631 0.485220 0.043717 0.039411
0 0.897877 0.808698 0.115055 0.112610
3 0.898582 0.809297 0.115569 0.112667
0 0.462362 0.485128 0.037755 0.038370
0 0.542156 0.392132 0.028820 0.029617
0 0.577304 0.318229 0.032814 0.032341
0 0.727260 0.439277 0.037123 0.050091
0 0.704835 0.681867 0.080650 0.067988
