0 0.539599 0.903159 0.085819 0.077865
0 0.487206 0.756868 0.076811 0.078975
0 0.926681 0.875066 0.101538 0.093561
2 0.789517 0.617747 0.144051 0.239630
0 0.612304 0.768551 0.076866 0.077254
0 0.473648 0.670347 0.068696 0.071901
0 0.734963 0.966949 0.104850 0.065393
0 0.956646 0.768384 0.086299 0.076539
0 0.676176 0.882203 0.116516 0.113236
0 0.575507 0.650453 0.061356 0.068929
2 0.877729 0.651675 0.052012 0.064782
0 0.748391 0.778784 0.092911 0.086825
2 0.686670 0.682522 0.086770 0.106016
0 0.821997 0.889574 0.118521 0.093153
0 0.873797 0.786245 0.090652 0.086463
2 0.455999 0.583126 0.057085 0.076039
0 0.017656 0.507934 0.035237 0.033360
0 0.922780 0.706329 0.075794 0.068359
