0 0.836790 0.854296 0.115492 0.117465
0 0.897835 0.633521 0.068448 0.063334
0 0.659816 0.563354 0.059173 0.060240
0 0.747865 0.685333 0.079805 0.068242
0 0.799723 0.511114 0.051456 0.051327
0 0.696427 0.453481 0.045192 0.044043
0 0.498524 0.666518 0.069143 0.073307
0 0.750893 0.554209 0.054110 0.054126
0 0.571315 0.585397 0.059107 0.060866
0 0.744743 0.380713 0.036624 0.036630
0 0.623965 0.478747 0.052101 0.043802
3 0.644749 0.724254 0.109152 0.117661
0 0.560740 0.444682 0.047133 0.040826
0 0.752949 0.439553 0.042005 0.040288
0 0.567557 0.948715 0.115764 0.093303
0 0.614563 0.370322 0.040078 0.043557
