0 0.715951 0.638161 0.076945 0.068979
0 0.722878 0.896456 0.104798 0.101126
0 0.869052 0.598556 0.064024 0.064714
0 0.732632 0.522001 0.050253 0.051371
0 0.687519 0.432983 0.040621 0.046035
0 0.647718 0.532586 0.055489 0.057824
0 0.950906 0.859117 0.097172 0.094196
0 0.785220 0.490674 0.049914 0.050937
0 0.798028 0.783813 0.102928 0.098167
0 0.558098 0.544538 0.060324 0.062520
0 0.956021 0.701326 0.086534 0.088073
0 0.536390 0.861360 0.090796 0.089905
3 0.955195 0.702266 0.088601 0.086722
0 0.623421 0.457466 0.048450 0.042083
2 0.674874 0.326402 0.051567 0.073453
0 0.590140 0.302116 0.028630 0.031594
