0 0.599258 0.626763 0.064617 0.056947
0 0.705804 0.645068 0.070957 0.064154
0 0.509468 0.753439 0.083944 0.082345
0 0.868238 0.734247 0.097707 0.081048
0 0.777505 0.609636 0.062407 0.058227
0 0.744793 0.555926 0.059459 0.051119
0 0.929601 0.685506 0.079416 0.070614
0 0.640919 0.772804 0.090578 0.096939
0 0.762340 0.447079 0.042837 0.048037
0 0.647678 0.527251 0.056090 0.046979
0 0.809864 0.825761 0.101534 0.092813
3 0.810145 0.827107 0.100844 0.091188
0 0.483754 0.390623 0.039303 0.032273
0 0.737370 0.392350 0.039184 0.040192
