0 0.665096 0.624898 0.069754 0.069130
0 0.868031 0.653094 0.065240 0.056367
0 0.871697 0.798186 0.097009 0.075630
0 0.478593 0.740666 0.067226 0.075883
0 0.707027 0.544567 0.062369 0.048106
0 0.806018 0.562145 0.059491 0.053401
0 0.620198 0.529147 0.050492 0.051419
0 0.606287 0.717257 0.076207 0.091174
0 0.463288 0.621272 0.064091 0.070252
0 0.722240 0.953205 0.103014 0.087962
0 0.542940 0.943719 0.113212 0.110830
0 0.674456 0.466031 0.043927 0.045461
0 0.538315 0.525128 0.047798 0.048253
0 0.542155 0.309388 0.030315 0.024081
0 0.736953 0.475673 0.043241 0.046778
0 0.468943 0.507837 0.042690 0.041447
0 0.744905 0.755333 0.093698 0.100041
0 0.606486 0.438995 0.034892 0.040318
