0 0.758363 0.743264 0.086926 0.078979
0 0.557909 0.867509 0.100212 0.125369
0 0.814739 0.664962 0.073112 0.065362
0 0.679077 0.597715 0.062920 0.063963
0 0.869182 0.610957 0.064834 0.060821
0 0.486234 0.637081 0.070005 0.065145
0 0.676202 0.831020 0.083714 0.091091
0 0.577491 0.566816 0.057210 0.057497
0 0.798861 0.505410 0.057685 0.063575
0 0.603567 0.680534 0.073741 0.066558
0 0.755817 0.571705 0.049233 0.056109
0 0.727136 0.522639 0.046474 0.048346
3 0.799316 0.505100 0.058335 0.064463
0 0.746702 0.416642 0.039371 0.034033
