0 0.527025 0.771770 0.085678 0.098836
0 0.732897 0.709803 0.079692 0.082893
0 0.482203 0.625293 0.063083 0.061744
0 0.755509 0.582526 0.062401 0.060302
0 0.691900 0.885289 0.100811 0.121300
0 0.856330 0.731498 0.091093 0.099100
0 0.811920 0.530643 0.058551 0.065196
0 0.869760 0.609589 0.084910 0.088078
0 0.615094 0.682256 0.080167 0.091571
0 0.568302 0.576482 0.054308 0.046876
0 0.966898 0.733304 0.063898 0.084776
2 0.605327 0.366528 0.054860 0.075642
0 0.308925 0.691724 0.031148 0.027063
0 0.555098 0.480474 0.040128 0.041537
0 0.500001 0.382576 0.033792 0.032836
3 0.869149 0.609507 0.085802 0.090954
