0 0.509394 0.868398 0.081608 0.090781
0 0.629434 0.786886 0.086497 0.095606
0 0.835251 0.739885 0.095012 0.085049
0 0.945961 0.889321 0.103445 0.092481
0 0.681023 0.899590 0.080583 0.089922
0 0.475756 0.738276 0.073875 0.082953
0 0.962494 0.765552 0.073967 0.074351
0 0.839260 0.625532 0.071565 0.059400
0 0.717153 0.757595 0.082532 0.073976
0 0.596654 0.691922 0.076357 0.077700
0 0.817833 0.870687 0.120968 0.124525
0 0.464585 0.611528 0.053274 0.058837
0 0.551042 0.580128 0.052579 0.056044
2 0.728306 0.537089 0.124522 0.194347
