0 0.604220 0.721829 0.076295 0.067801
0 0.775996 0.645513 0.085246 0.094409
0 0.909671 0.682165 0.076899 0.068713
0 0.744656 0.474094 0.042854 0.046487
0 0.552344 0.933252 0.102431 0.117378
0 0.663715 0.445041 0.050033 0.043188
3 0.653891 0.577338 0.092617 0.127853
0 0.726158 0.427013 0.047056 0.045353
0 0.722840 0.929224 0.110769 0.113448
0 0.598941 0.432145 0.037849 0.036180
0 0.819915 0.580276 0.058383 0.058980
0 0.466932 0.581175 0.063146 0.066908
0 0.494912 0.732470 0.070359 0.066582
2 0.654150 0.576676 0.092358 0.126956
0 0.614945 0.502788 0.049318 0.051391
2 0.531919 0.486924 0.047596 0.090519
0 0.032645 0.430447 0.040121 0.024360
0 0.546468 0.394537 0.030797 0.028001
