0 0.474512 0.659921 0.059321 0.064052
0 0.743949 0.480761 0.044846 0.040211
0 0.709377 0.699605 0.074766 0.067630
0 0.751461 0.618265 0.068776 0.064278
0 0.568319 0.627597 0.067551 0.074653
0 0.602673 0.492233 0.051110 0.048707
0 0.678343 0.852770 0.088129 0.097895
0 0.792066 0.544835 0.053452 0.049194
0 0.730513 0.562157 0.066781 0.052220
0 0.727021 0.429735 0.040088 0.045565
2 0.598778 0.394807 0.040100 0.064242
0 0.485915 0.384334 0.034876 0.027865
0 0.604599 0.566506 0.052364 0.064877
0 0.532049 0.397867 0.035657 0.051032
0 0.581299 0.278475 0.021655 0.023671
