0 0.954976 0.697923 0.088800 0.069332
0 0.734289 0.731311 0.080741 0.075393
0 0.509942 0.778517 0.080279 0.084392
0 0.762545 0.465034 0.049349 0.050586
0 0.499862 0.575629 0.059398 0.065897
0 0.734459 0.537822 0.070045 0.069475
0 0.818269 0.541886 0.055439 0.049028
0 0.633715 0.763803 0.081124 0.086428
0 0.583090 0.564420 0.058600 0.068815
3 0.939333 0.824450 0.120642 0.167428
0 0.628434 0.495327 0.046886 0.042394
0 0.694956 0.459110 0.049418 0.042305
0 0.935058 0.296390 0.033672 0.027202
3 0.632914 0.762429 0.082559 0.087214
