0 0.870163 0.771089 0.102575 0.078746
0 0.650606 0.555959 0.058301 0.060265
0 0.698751 0.855190 0.100120 0.109053
0 0.475363 0.552781 0.053378 0.061941
0 0.564633 0.565146 0.053114 0.060415
0 0.782802 0.487026 0.046531 0.045742
0 0.549876 0.798247 0.102781 0.129413
0 0.724376 0.690917 0.068298 0.073762
0 0.615558 0.420031 0.036443 0.036235
0 0.486539 0.453329 0.042364 0.043640
0 0.937967 0.674369 0.083897 0.082813
0 0.870973 0.598809 0.060047 0.061589
2 0.611570 0.346848 0.048131 0.058155
0 0.698663 0.466453 0.056834 0.056923
0 0.682095 0.418187 0.041228 0.039367
