0 0.538808 0.522567 0.047352 0.052339
0 0.664933 0.703012 0.073977 0.069842
0 0.618006 0.491895 0.042516 0.044218
0 0.492189 0.679577 0.069483 0.081357
0 0.471408 0.422417 0.033536 0.036195
0 0.501097 0.360608 0.031885 0.029737
0 0.464653 0.485670 0.043643 0.056749
0 0.716806 0.922799 0.103036 0.108227
3 0.816889 0.691894 0.098199 0.099844
0 0.737490 0.451748 0.042969 0.047124
0 0.548336 0.397805 0.042644 0.037810
0 0.462030 0.551688 0.054828 0.050476
0 0.816614 0.691932 0.098806 0.099406
0 0.661378 0.444810 0.042152 0.033372
0 0.526192 0.448966 0.040406 0.052773
2 0.464543 0.486545 0.045075 0.056020
3 0.717364 0.925029 0.104496 0.112387
0 0.556446 0.345387 0.031651 0.029897
