0 0.851560 0.614088 0.070198 0.057574
0 0.516334 0.906948 0.092690 0.101797
0 0.643912 0.582649 0.058550 0.061905
0 0.758942 0.639231 0.068801 0.061299
0 0.712091 0.580618 0.053795 0.058743
0 0.922828 0.713423 0.074129 0.071090
0 0.681962 0.671667 0.087704 0.090773
0 0.775276 0.542892 0.052782 0.049109
2 0.485758 0.634276 0.098959 0.204990
0 0.602840 0.753361 0.071369 0.078635
0 0.951394 0.908323 0.095774 0.084411
0 0.670659 0.873950 0.097943 0.111496
0 0.754416 0.804958 0.093989 0.103136
0 0.675711 0.484074 0.046446 0.041390
0 0.537469 0.405790 0.033806 0.030895
0 0.759366 0.496801 0.042337 0.047182
3 0.837355 0.744804 0.096899 0.104655
