0 0.609963 0.730563 0.083245 0.087280
0 0.765435 0.632201 0.067979 0.064291
0 0.535853 0.935832 0.090853 0.110707
0 0.496536 0.707168 0.066629 0.078548
0 0.499072 0.353864 0.033240 0.031986
2 0.658428 0.591526 0.091070 0.109030
3 0.752375 0.737786 0.130213 0.156471
0 0.606908 0.484783 0.044915 0.048378
0 0.458514 0.554218 0.052952 0.054971
0 0.572971 0.593305 0.061383 0.060182
0 0.704203 0.924560 0.136419 0.137409
0 0.874630 0.640821 0.073178 0.068525
0 0.827723 0.965280 0.045061 0.059340
0 0.837729 0.729019 0.051557 0.059790
