0 0.680047 0.833839 0.090957 0.086904
0 0.749891 0.730200 0.079889 0.079782
0 0.624916 0.727536 0.073711 0.072976
0 0.827146 0.692713 0.078343 0.068507
0 0.589121 0.622117 0.061262 0.061635
0 0.473845 0.557816 0.053865 0.053621
0 0.693914 0.634134 0.066819 0.062081
0 0.858090 0.922309 0.121498 0.143435
0 0.922746 0.807589 0.102437 0.098943
0 0.784970 0.492525 0.046787 0.047925
0 0.876175 0.624166 0.070591 0.063601
0 0.654294 0.549835 0.053949 0.050989
0 0.539676 0.860263 0.104788 0.113597
0 0.486972 0.683457 0.037821 0.058904
0 0.568096 0.525862 0.047604 0.050121
0 0.980664 0.743280 0.037817 0.075659
0 0.829868 0.557480 0.053144 0.049920
0 0.555303 0.458953 0.044222 0.042976
0 0.023377 0.416345 0.036196 0.032905
0 0.778888 0.966107 0.144763 0.065657
0 0.757954 0.572971 0.078687 0.077254
0 0.778946 0.618567 0.052671 0.058623
