0 0.684682 0.694217 0.072620 0.068356
3 0.784370 0.837068 0.097991 0.130138
0 0.847178 0.765018 0.081726 0.074111
0 0.941883 0.742015 0.079803 0.076629
0 0.610558 0.750174 0.079189 0.084607
3 0.501166 0.910587 0.090351 0.100076
0 0.503258 0.910447 0.086238 0.100186
2 0.473615 0.634413 0.117734 0.217950
0 0.942686 0.891906 0.114628 0.125301
3 0.610595 0.748818 0.077928 0.085292
0 0.635253 0.630145 0.068196 0.059807
3 0.473267 0.634495 0.118174 0.217553
0 0.837263 0.605438 0.054977 0.060071
0 0.666878 0.857276 0.100615 0.110426
