0 0.545005 0.894825 0.112272 0.142542
0 0.779794 0.958991 0.140041 0.077970
0 0.672371 0.824599 0.090591 0.094330
0 0.712389 0.683567 0.080079 0.093167
0 0.886509 0.638192 0.074314 0.067580
0 0.924335 0.817845 0.103777 0.109825
0 0.488576 0.653796 0.061139 0.064380
0 0.578532 0.594297 0.059192 0.062102
0 0.517201 0.774792 0.097636 0.113450
0 0.597830 0.681269 0.069915 0.064847
0 0.972473 0.907019 0.054286 0.098829
0 0.864991 0.724875 0.082309 0.079694
0 0.924253 0.695904 0.067514 0.071363
0 0.670667 0.603776 0.062226 0.074061
0 0.748188 0.581055 0.069802 0.067389
0 0.792140 0.638338 0.061731 0.073525
0 0.842087 0.572148 0.082291 0.066617
0 0.507868 0.344514 0.034639 0.029833
