0 0.522586 0.838140 0.084609 0.082060
0 0.700891 0.934351 0.103109 0.098480
0 0.822538 0.581258 0.066714 0.065643
0 0.753298 0.786340 0.074671 0.078760
0 0.679265 0.673558 0.066640 0.064251
0 0.899864 0.820053 0.084411 0.073411
0 0.572391 0.632390 0.064604 0.067120
0 0.479306 0.700726 0.068518 0.078867
0 0.704977 0.554873 0.051717 0.045547
0 0.754072 0.625261 0.058412 0.040994
0 0.875801 0.285519 0.024532 0.026182
0 0.788356 0.723530 0.097410 0.074351
0 0.868301 0.661325 0.070070 0.042364
0 0.748274 0.472769 0.050618 0.061471
3 0.948303 0.749041 0.101577 0.086096
0 0.837973 0.905423 0.107446 0.082857
0 0.649106 0.614166 0.063543 0.046299
0 0.943953 0.745988 0.089454 0.072934
0 0.674636 0.473202 0.046306 0.048342
