0 0.748693 0.573518 0.063081 0.057439
0 0.491932 0.629443 0.064922 0.074132
0 0.648931 0.516615 0.050103 0.052838
0 0.791609 0.724343 0.116411 0.108094
0 0.634085 0.744151 0.083019 0.080950
0 0.783822 0.496961 0.049535 0.044840
0 0.592844 0.635276 0.063330 0.071267
3 0.944344 0.691687 0.103478 0.089630
0 0.691516 0.625720 0.066193 0.065771
0 0.559985 0.467607 0.046107 0.045826
0 0.713916 0.503259 0.042990 0.046833
0 0.697662 0.458928 0.044236 0.040023
0 0.516954 0.759964 0.079781 0.091343
0 0.556937 0.944390 0.114804 0.102658
