0 0.926277 0.863848 0.095953 0.089503
0 0.508405 0.854571 0.081300 0.088686
0 0.708341 0.738469 0.082160 0.074659
0 0.830573 0.611919 0.064185 0.058015
0 0.668001 0.890424 0.096487 0.094785
0 0.465286 0.607503 0.051707 0.056563
0 0.829491 0.731110 0.079956 0.077824
0 0.800878 0.838571 0.118118 0.116083
0 0.476353 0.735341 0.072671 0.077037
0 0.627094 0.776967 0.083905 0.090442
2 0.723746 0.525503 0.125329 0.182455
0 0.550305 0.573283 0.052911 0.055347
0 0.955198 0.750369 0.087231 0.072126
0 0.595175 0.688255 0.072408 0.072965
