0 0.882691 0.774089 0.084664 0.080708
2 0.841849 0.512908 0.125423 0.180104
0 0.760771 0.772395 0.091460 0.091388
0 0.815893 0.681252 0.070937 0.066851
0 0.638310 0.749327 0.084802 0.091171
0 0.960999 0.875540 0.077993 0.082945
0 0.503843 0.669036 0.074158 0.080745
0 0.737914 0.951724 0.113026 0.085382
0 0.836014 0.912110 0.112093 0.152815
2 0.686992 0.382345 0.068843 0.123442
0 0.708046 0.493154 0.047148 0.049633
0 0.523588 0.829752 0.100843 0.130607
0 0.472754 0.566840 0.048504 0.051595
0 0.588495 0.636953 0.069036 0.062703
2 0.699587 0.599755 0.113140 0.169780
0 0.951430 0.705231 0.076810 0.050305
0 0.692330 0.456720 0.040175 0.043560
