0 0.668189 0.602436 0.063942 0.062600
0 0.943207 0.852603 0.113044 0.093234
0 0.792443 0.505395 0.053425 0.047216
0 0.578743 0.621982 0.068630 0.062112
0 0.768319 0.768881 0.075587 0.076218
0 0.480203 0.617578 0.062788 0.067691
0 0.487975 0.489517 0.047560 0.060952
3 0.873266 0.693169 0.110189 0.124627
0 0.711977 0.488830 0.052156 0.059321
0 0.559259 0.358490 0.027986 0.024865
0 0.685632 0.431580 0.041859 0.038420
0 0.588676 0.929908 0.118658 0.132507
0 0.617241 0.442359 0.038556 0.040984
3 0.588859 0.929754 0.119009 0.132619
0 0.894457 0.276677 0.034487 0.027072
3 0.962906 0.707442 0.073209 0.089358
