0 0.793298 0.807566 0.095890 0.087245
0 0.651169 0.757765 0.074932 0.082533
0 0.693644 0.634904 0.067493 0.065904
0 0.760870 0.597444 0.063174 0.059471
0 0.965707 0.701653 0.067497 0.069954
0 0.892699 0.778863 0.104031 0.105680
2 0.479476 0.489821 0.070348 0.150882
0 0.590958 0.640730 0.078839 0.089622
0 0.667329 0.575852 0.053218 0.059732
0 0.814551 0.537189 0.070428 0.072714
0 0.864360 0.594627 0.078843 0.082740
2 0.508896 0.674527 0.123358 0.206099
3 0.508727 0.675516 0.123989 0.206511
0 0.567163 0.538907 0.047379 0.043752
3 0.864040 0.595557 0.079099 0.081359
3 0.814785 0.536927 0.070919 0.075887
0 0.573775 0.916073 0.165192 0.152669
0 0.689124 0.480719 0.050325 0.040704
0 0.901113 0.966831 0.194930 0.063184
0 0.792014 0.488310 0.053364 0.053864
