0 0.707348 0.879856 0.093664 0.101931
0 0.563583 0.850428 0.087754 0.097370
0 0.758349 0.759989 0.091185 0.084442
0 0.640005 0.747696 0.082460 0.080592
0 0.688582 0.616858 0.064262 0.067697
0 0.499931 0.713617 0.073435 0.066355
0 0.772594 0.468827 0.042212 0.042880
0 0.829275 0.560899 0.058793 0.057786
0 0.465658 0.574161 0.033657 0.044034
0 0.801091 0.509544 0.052042 0.055425
0 0.764251 0.594909 0.064459 0.060585
3 0.903234 0.948510 0.192482 0.098812
0 0.636167 0.485931 0.042791 0.044235
0 0.716747 0.506079 0.066015 0.073943
0 0.655006 0.553057 0.053171 0.045704
0 0.925031 0.653135 0.071056 0.078115
0 0.586990 0.632038 0.065363 0.059487
0 0.495855 0.389391 0.033842 0.034823
0 0.838436 0.695185 0.073376 0.068288
2 0.617156 0.363927 0.037894 0.075174
