0 0.347199 0.715101 0.063873 0.058433
0 0.279953 0.682935 0.064887 0.058432
0 0.428368 0.627923 0.052816 0.050135
0 0.100665 0.670369 0.072496 0.072796
0 0.100924 0.736452 0.086156 0.075042
0 0.119729 0.826381 0.089804 0.049182
0 0.370301 0.594403 0.061495 0.066730
0 0.485743 0.554796 0.042618 0.040197
0 0.172172 0.617274 0.062711 0.055980
0 0.096171 0.552853 0.051010 0.043857
0 0.269021 0.544884 0.044562 0.044225
0 0.278057 0.607928 0.052754 0.056011
0 0.396134 0.503230 0.040493 0.043477
0 0.451776 0.460448 0.035942 0.040298
0 0.258726 0.472421 0.047118 0.040836
