0 0.694498 0.904165 0.111195 0.119534
0 0.638807 0.565043 0.052837 0.055403
0 0.457102 0.587439 0.055181 0.060113
0 0.703488 0.535716 0.055997 0.064813
0 0.628241 0.774931 0.073982 0.071393
0 0.549689 0.578515 0.059349 0.069903
0 0.486949 0.799633 0.078719 0.086334
0 0.776286 0.817605 0.097078 0.086129
0 0.876440 0.655921 0.046852 0.060290
0 0.661436 0.430845 0.034460 0.036180
0 0.597586 0.462359 0.041411 0.044006
0 0.532779 0.486558 0.041703 0.041011
2 0.510167 0.341884 0.056001 0.094747
0 0.462041 0.504925 0.044751 0.049220
0 0.812440 0.686501 0.101550 0.120902
0 0.768628 0.508455 0.061800 0.067754
0 0.723078 0.421393 0.036434 0.041472
2 0.661789 0.381509 0.048935 0.123246
3 0.812815 0.686384 0.101679 0.120864
