0 0.491689 0.622863 0.064461 0.065403
0 0.606612 0.679267 0.069222 0.070614
0 0.511564 0.775996 0.077659 0.089311
0 0.792843 0.512900 0.053724 0.051258
0 0.744761 0.947003 0.116828 0.099106
0 0.767443 0.463864 0.048940 0.046169
0 0.864698 0.584307 0.065768 0.057230
0 0.686501 0.444996 0.040003 0.041971
3 0.805298 0.809523 0.096673 0.099924
0 0.805957 0.810058 0.095942 0.100503
0 0.572037 0.564473 0.056008 0.051207
0 0.516622 0.354547 0.029786 0.023198
0 0.983583 0.766491 0.032271 0.069372
0 0.549884 0.389850 0.040112 0.033195
