0 0.778422 0.776998 0.081521 0.085685
0 0.851828 0.710935 0.080827 0.069045
0 0.697388 0.637842 0.058236 0.069308
0 0.702196 0.479293 0.043477 0.046876
0 0.481519 0.562882 0.054080 0.059405
0 0.733457 0.560735 0.057940 0.061381
0 0.749491 0.414065 0.041589 0.038977
0 0.507852 0.738005 0.074757 0.085312
3 0.627204 0.717330 0.092040 0.104546
2 0.723972 0.319901 0.060709 0.100977
3 0.828011 0.505150 0.125444 0.167600
2 0.828035 0.503614 0.124283 0.167916
0 0.942295 0.668590 0.098755 0.094550
2 0.573530 0.533750 0.057754 0.075066
0 0.626791 0.715492 0.091894 0.104415
