0 0.537829 0.863710 0.111285 0.136238
0 0.960354 0.863653 0.079031 0.105983
0 0.733517 0.896430 0.127841 0.133741
0 0.637129 0.743713 0.080269 0.098587
0 0.883505 0.632304 0.069702 0.061494
0 0.699507 0.653135 0.074023 0.085064
0 0.904676 0.779548 0.099014 0.091758
2 0.476926 0.582344 0.062333 0.131816
0 0.510182 0.752804 0.084983 0.098506
0 0.573637 0.629122 0.066049 0.063448
0 0.849825 0.580492 0.065013 0.054645
0 0.975375 0.767267 0.048724 0.062386
0 0.919682 0.691378 0.070139 0.073716
2 0.783778 0.621107 0.069687 0.087626
0 0.796273 0.495119 0.058583 0.051279
0 0.309342 0.690124 0.031354 0.023840
0 0.834980 0.561509 0.068846 0.053709
2 0.472103 0.555844 0.052511 0.077550
0 0.742199 0.567733 0.071481 0.074761
