0 0.923699 0.809880 0.104162 0.089275
0 0.639597 0.750554 0.091960 0.104856
0 0.475328 0.502412 0.049068 0.047991
0 0.910046 0.666206 0.078639 0.069457
0 0.751395 0.579799 0.061115 0.064809
0 0.754253 0.730217 0.087910 0.096736
0 0.590331 0.640133 0.067896 0.066882
0 0.575210 0.946637 0.090113 0.094069
0 0.694873 0.467707 0.044511 0.048654
0 0.839643 0.565447 0.057202 0.059286
0 0.558657 0.417545 0.033477 0.039509
0 0.517467 0.702054 0.083156 0.119747
0 0.671027 0.578792 0.060176 0.073043
0 0.789083 0.500622 0.055558 0.075739
0 0.613231 0.415221 0.039376 0.028895
0 0.621971 0.493490 0.048282 0.041051
0 0.581207 0.322249 0.028593 0.026192
