0 0.686734 0.889540 0.094097 0.103479
0 0.667997 0.627376 0.063078 0.062653
0 0.579570 0.662262 0.070022 0.075583
0 0.544474 0.553557 0.048431 0.053759
0 0.685978 0.500472 0.053672 0.053507
0 0.503149 0.785975 0.086432 0.075652
0 0.743135 0.576485 0.084550 0.082559
0 0.460084 0.484529 0.043080 0.048653
0 0.536170 0.388718 0.034154 0.054649
0 0.602369 0.469062 0.046434 0.064411
0 0.931930 0.707409 0.083432 0.069530
0 0.527906 0.448028 0.042789 0.048606
2 0.472196 0.609588 0.083785 0.123689
0 0.804556 0.546474 0.053982 0.047784
0 0.483460 0.384854 0.035264 0.033276
0 0.752556 0.470339 0.044838 0.043017
0 0.707131 0.363299 0.036892 0.037306
