0 0.491629 0.794280 0.080268 0.082480
0 0.675513 0.647551 0.067834 0.068893
0 0.611525 0.728716 0.073392 0.073008
0 0.630270 0.566788 0.061667 0.064953
0 0.672841 0.467200 0.051156 0.050348
0 0.837885 0.605231 0.065597 0.058997
0 0.723290 0.582967 0.061749 0.055022
0 0.760595 0.507552 0.050197 0.062964
0 0.798618 0.693771 0.069271 0.060206
0 0.684492 0.915507 0.093817 0.100305
0 0.477289 0.661691 0.059447 0.067315
0 0.543911 0.368558 0.034907 0.035967
0 0.464681 0.531914 0.040951 0.045287
0 0.514249 0.340970 0.039385 0.034752
0 0.536175 0.524428 0.049018 0.043952
