0 0.486524 0.713888 0.078540 0.084390
0 0.725141 0.736449 0.081719 0.074452
0 0.611826 0.720861 0.079850 0.092831
0 0.456683 0.593780 0.048305 0.057065
0 0.553526 0.582009 0.058718 0.069060
0 0.676405 0.475997 0.048523 0.050207
0 0.801090 0.557812 0.051708 0.047261
0 0.765508 0.641801 0.069616 0.064278
0 0.663974 0.611802 0.067411 0.075043
0 0.625250 0.524006 0.055029 0.068776
2 0.535510 0.437934 0.040002 0.074732
0 0.863004 0.636880 0.072482 0.069348
0 0.761618 0.492842 0.048090 0.043518
0 0.601336 0.457239 0.038908 0.040335
0 0.474686 0.440949 0.035506 0.041901
0 0.664420 0.419934 0.036184 0.044261
