0 0.802854 0.668286 0.081101 0.066859
0 0.473597 0.634702 0.059339 0.065107
0 0.873037 0.790635 0.086286 0.084403
0 0.547421 0.557788 0.051076 0.050438
0 0.623942 0.561050 0.051309 0.049640
0 0.608174 0.496408 0.044839 0.048973
0 0.521860 0.929819 0.101824 0.118512
0 0.713983 0.543429 0.063638 0.068586
3 0.708946 0.715928 0.091770 0.102730
0 0.482465 0.408415 0.037880 0.028323
0 0.534178 0.470473 0.044529 0.071405
0 0.773339 0.513550 0.053462 0.059630
3 0.832869 0.583586 0.080800 0.101294
0 0.634556 0.801040 0.125328 0.127600
0 0.708907 0.714290 0.089369 0.098368
0 0.736842 0.459011 0.038098 0.042190
0 0.547716 0.378273 0.036507 0.034811
0 0.661593 0.350002 0.028365 0.031919
0 0.467674 0.568057 0.055337 0.052254
0 0.709618 0.379020 0.040948 0.055766
0 0.833050 0.582399 0.081983 0.102011
