0 0.468562 0.636947 0.067250 0.077817
0 0.646886 0.607817 0.065998 0.070643
0 0.567537 0.663474 0.067565 0.069970
0 0.619273 0.768359 0.088250 0.095952
0 0.619555 0.524045 0.050045 0.049209
0 0.779600 0.543509 0.055886 0.055389
3 0.539760 0.897628 0.093153 0.124220
2 0.679298 0.503691 0.052200 0.059534
3 0.763828 0.790076 0.106797 0.103320
0 0.918967 0.715223 0.075053 0.065539
2 0.455482 0.518771 0.053062 0.061114
0 0.550812 0.597492 0.058601 0.066610
0 0.723767 0.578638 0.062518 0.058037
0 0.732781 0.452761 0.038899 0.039759
