0 0.506893 0.701713 0.070256 0.076643
0 0.701649 0.477630 0.043465 0.046720
0 0.654857 0.797249 0.085717 0.082966
0 0.786864 0.497999 0.046306 0.052038
0 0.823720 0.555093 0.055068 0.055257
0 0.638319 0.514809 0.049870 0.057004
0 0.506561 0.377993 0.033072 0.030317
0 0.908052 0.639037 0.072202 0.062840
0 0.548457 0.420778 0.044763 0.039434
0 0.955234 0.305631 0.045293 0.032608
0 0.589425 0.619293 0.072113 0.073447
2 0.479927 0.508389 0.071144 0.145864
0 0.549679 0.920438 0.100964 0.113259
2 0.614297 0.393956 0.041085 0.085482
