0 0.507048 0.840977 0.083917 0.088620
0 0.619475 0.539214 0.059767 0.070304
0 0.890575 0.692704 0.080511 0.086494
0 0.781690 0.846837 0.093237 0.098812
0 0.812522 0.730741 0.074322 0.081846
0 0.661431 0.645874 0.061760 0.068610
0 0.577041 0.655646 0.063116 0.065085
0 0.715924 0.568365 0.053678 0.064843
0 0.961836 0.777814 0.075174 0.108456
0 0.784153 0.526261 0.050282 0.061768
0 0.505576 0.352719 0.042823 0.038870
0 0.616574 0.791900 0.080006 0.106282
0 0.713217 0.419588 0.038708 0.043091
0 0.476160 0.426141 0.038240 0.042060
0 0.594875 0.443861 0.035125 0.039813
