0 0.766973 0.602384 0.063518 0.065007
0 0.926299 0.682125 0.082360 0.071687
0 0.668743 0.816546 0.102567 0.110788
0 0.783646 0.782312 0.095634 0.105356
2 0.497421 0.376179 0.053083 0.103624
0 0.846914 0.569505 0.056871 0.059852
0 0.607659 0.684951 0.070824 0.083560
0 0.952300 0.856050 0.094379 0.094013
0 0.791669 0.507853 0.059843 0.080726
0 0.529582 0.755110 0.096871 0.127473
0 0.701387 0.479830 0.043525 0.047804
0 0.827182 0.699752 0.074045 0.076184
0 0.684451 0.431182 0.040646 0.051884
0 0.918987 0.292396 0.033677 0.031671
