0 0.712970 0.510109 0.046944 0.053432
0 0.960508 0.726030 0.078985 0.079704
0 0.799805 0.650322 0.070218 0.071341
0 0.655588 0.803130 0.087056 0.090188
0 0.478778 0.592774 0.055938 0.059202
0 0.861025 0.593149 0.063936 0.062432
0 0.726245 0.678838 0.076127 0.095308
0 0.878961 0.766230 0.089197 0.095199
0 0.568581 0.892050 0.118381 0.161895
0 0.799879 0.528456 0.058547 0.060945
3 0.901557 0.927814 0.193177 0.140065
2 0.556559 0.461915 0.047264 0.087255
2 0.489129 0.404592 0.057646 0.111987
0 0.967358 0.313515 0.036675 0.041268
0 0.901974 0.928163 0.193063 0.140103
0 0.693090 0.453189 0.044061 0.052614
0 0.648273 0.557642 0.054543 0.055259
0 0.565286 0.350035 0.034613 0.033574
2 0.616620 0.367802 0.039137 0.064545
