0 0.504362 0.768349 0.079141 0.079431
0 0.624781 0.792173 0.079973 0.078041
2 0.832226 0.546636 0.136564 0.193394
0 0.733581 0.767873 0.082535 0.079254
0 0.792966 0.673360 0.082680 0.083027
0 0.900613 0.687892 0.086523 0.061967
0 0.796994 0.865188 0.090941 0.090737
0 0.476731 0.684708 0.075023 0.085635
0 0.734584 0.592940 0.053788 0.051044
0 0.616241 0.538009 0.053862 0.058445
2 0.457286 0.471154 0.069951 0.122822
0 0.569599 0.638888 0.072633 0.081375
0 0.678531 0.498060 0.043130 0.045383
0 0.645229 0.609715 0.057375 0.051844
0 0.707065 0.543983 0.053763 0.050280
0 0.740060 0.472735 0.037232 0.031865
