0 0.962432 0.726510 0.075136 0.074969
0 0.780151 0.621335 0.070419 0.064433
0 0.785365 0.794001 0.081876 0.080540
0 0.724207 0.512002 0.051731 0.055194
0 0.850917 0.578941 0.069663 0.068412
0 0.568717 0.555576 0.052946 0.053163
0 0.759630 0.435660 0.040615 0.044553
0 0.508088 0.720829 0.072893 0.081453
3 0.945784 0.843054 0.107446 0.113387
0 0.946118 0.842815 0.107393 0.113713
3 0.800881 0.513578 0.068426 0.073141
0 0.705313 0.464971 0.043574 0.043761
0 0.650203 0.551700 0.073585 0.055025
0 0.560502 0.368119 0.027204 0.028269
