0 0.756170 0.795819 0.086505 0.080835
0 0.457770 0.565746 0.057301 0.060435
0 0.580993 0.668384 0.070588 0.084281
0 0.646330 0.828415 0.094835 0.087454
0 0.673794 0.653695 0.066167 0.063693
0 0.491919 0.766360 0.085550 0.081364
0 0.672738 0.470369 0.048218 0.057910
0 0.459416 0.470265 0.043210 0.045911
0 0.657443 0.399201 0.032162 0.034385
0 0.561543 0.597540 0.055060 0.054786
0 0.613021 0.483656 0.041656 0.043432
0 0.738117 0.460187 0.059374 0.058346
0 0.856113 0.766122 0.088138 0.073028
0 0.795722 0.558430 0.053677 0.054226
2 0.660936 0.349126 0.046055 0.088812
0 0.905953 0.678102 0.074817 0.081112
