0 0.533343 0.860644 0.083681 0.095181
0 0.626601 0.732990 0.067879 0.076615
0 0.831849 0.693967 0.076652 0.070631
0 0.484406 0.433606 0.034366 0.039546
0 0.483795 0.555140 0.052072 0.065122
0 0.735037 0.708384 0.077910 0.085956
0 0.800543 0.511711 0.047792 0.053811
0 0.923394 0.671763 0.086695 0.096920
0 0.568418 0.571095 0.054523 0.058327
3 0.922788 0.671157 0.087077 0.096257
0 0.754117 0.936571 0.155399 0.126088
0 0.640438 0.539045 0.048344 0.052103
0 0.673535 0.623041 0.061679 0.061785
2 0.614064 0.418604 0.055780 0.085103
