0 0.491769 0.764614 0.073802 0.081179
0 0.810759 0.711186 0.076802 0.065945
0 0.738892 0.774094 0.086295 0.085980
0 0.591838 0.698174 0.088829 0.090166
0 0.561658 0.592767 0.062349 0.069170
0 0.786366 0.538002 0.053409 0.051349
0 0.481248 0.402449 0.042409 0.041973
2 0.614871 0.497011 0.067883 0.079931
0 0.700077 0.527775 0.049746 0.056460
0 0.459417 0.474119 0.048652 0.048623
0 0.738257 0.606911 0.056729 0.054497
0 0.473705 0.599117 0.055127 0.064825
2 0.656277 0.591644 0.099433 0.129098
0 0.826789 0.965158 0.047462 0.058438
3 0.656169 0.591524 0.099766 0.127315
0 0.517669 0.336884 0.032558 0.024838
