0 0.539511 0.854080 0.090781 0.097319
0 0.913492 0.676203 0.074320 0.069195
0 0.701106 0.881326 0.098995 0.098877
0 0.757219 0.744525 0.086705 0.086833
0 0.749434 0.443506 0.054999 0.061046
0 0.608667 0.692567 0.078340 0.078494
0 0.676586 0.594218 0.065967 0.072590
0 0.501306 0.707599 0.074561 0.085451
0 0.858710 0.881012 0.131626 0.140052
0 0.483952 0.474652 0.046532 0.052997
0 0.660579 0.347963 0.029721 0.034841
0 0.649547 0.515011 0.053882 0.063018
3 0.859369 0.879071 0.129871 0.135294
0 0.568478 0.348972 0.037685 0.034025
0 0.630551 0.474488 0.046472 0.050140
