0 0.811964 0.853803 0.094136 0.091467
0 0.641294 0.771239 0.077581 0.084191
0 0.583238 0.633630 0.073701 0.080271
0 0.713338 0.693978 0.072132 0.077523
0 0.527443 0.815564 0.084943 0.080248
0 0.674448 0.610304 0.060351 0.062613
0 0.972272 0.751772 0.055036 0.098579
3 0.971469 0.752244 0.056482 0.100174
0 0.563116 0.379545 0.032649 0.036988
0 0.839590 0.679781 0.112769 0.141296
0 0.769693 0.462320 0.047476 0.050858
0 0.480723 0.553603 0.048132 0.049582
0 0.900185 0.645670 0.079534 0.082004
0 0.636546 0.522188 0.069423 0.078493
