0 0.602730 0.644054 0.067760 0.069519
0 0.796525 0.829736 0.095631 0.092522
0 0.771473 0.610171 0.059934 0.063612
0 0.674595 0.586068 0.064558 0.076924
0 0.572789 0.352141 0.040331 0.031629
0 0.789664 0.493011 0.050421 0.050649
0 0.482547 0.590771 0.056431 0.068154
0 0.824660 0.547533 0.059963 0.070119
3 0.920886 0.767929 0.155296 0.146387
0 0.634973 0.490621 0.052148 0.052389
0 0.747848 0.422105 0.038098 0.042891
3 0.824961 0.548116 0.060504 0.068967
0 0.736004 0.944383 0.106442 0.101950
0 0.689555 0.427118 0.041659 0.040547
0 0.615791 0.383536 0.039428 0.034001
