0 0.668430 0.856719 0.115168 0.114294
0 0.759775 0.627295 0.083790 0.078060
0 0.875963 0.797739 0.082682 0.078224
0 0.598009 0.710719 0.073597 0.090758
0 0.459150 0.464355 0.037794 0.038000
0 0.712961 0.708501 0.083478 0.086364
0 0.629161 0.564094 0.054052 0.058599
0 0.797924 0.852763 0.103491 0.081829
0 0.463797 0.544183 0.043348 0.052139
0 0.808767 0.565460 0.056672 0.056747
0 0.495499 0.761523 0.090728 0.120949
0 0.545742 0.542399 0.052276 0.054759
0 0.878752 0.662295 0.065107 0.063241
0 0.473053 0.663411 0.060312 0.063068
0 0.705247 0.539235 0.049160 0.042201
0 0.541788 0.931677 0.103598 0.132308
0 0.537346 0.434388 0.038132 0.046156
3 0.954185 0.741421 0.090669 0.102457
0 0.739046 0.487988 0.051812 0.046561
0 0.730573 0.443247 0.045311 0.043666
