0 0.603334 0.738651 0.072475 0.073261
0 0.956799 0.733421 0.084837 0.067268
0 0.554506 0.579462 0.055453 0.051129
0 0.737869 0.751456 0.083308 0.081439
0 0.662739 0.608745 0.074686 0.089037
0 0.490040 0.735055 0.075654 0.072988
2 0.604840 0.424308 0.073959 0.116155
0 0.628254 0.549260 0.054340 0.049249
0 0.790781 0.691038 0.081578 0.060023
0 0.541453 0.949664 0.100966 0.095074
0 0.460854 0.468977 0.041900 0.042415
3 0.680709 0.438425 0.071867 0.131291
0 0.536356 0.480263 0.038035 0.039349
0 0.783745 0.540885 0.054732 0.042624
0 0.760590 0.489382 0.042320 0.040277
