0 0.917296 0.807955 0.102095 0.093338
0 0.548182 0.929313 0.099508 0.100145
0 0.860271 0.710934 0.081688 0.061533
0 0.406226 0.587835 0.041701 0.042619
0 0.660915 0.814553 0.079978 0.081958
0 0.740093 0.451440 0.026656 0.023546
3 0.629666 0.704681 0.085719 0.077621
3 0.196614 0.152142 0.118444 0.078415
0 0.436229 0.543593 0.033747 0.033517
0 0.481535 0.525544 0.040762 0.037083
0 0.519449 0.690380 0.056212 0.059734
3 0.660962 0.814882 0.081221 0.085372
0 0.672620 0.588951 0.056978 0.057478
0 0.459713 0.459916 0.040325 0.035400
0 0.629874 0.704055 0.085843 0.076024
