0 0.814266 0.674429 0.074884 0.074184
0 0.737970 0.712229 0.074533 0.072701
0 0.584025 0.603587 0.059873 0.062083
0 0.530800 0.841627 0.094640 0.096630
0 0.684858 0.618150 0.067882 0.060683
0 0.619485 0.711979 0.071584 0.074010
0 0.823328 0.543965 0.055490 0.062921
0 0.678247 0.823804 0.092546 0.086440
0 0.565135 0.514653 0.044894 0.047073
0 0.842625 0.882549 0.115226 0.114389
0 0.781412 0.487151 0.045110 0.045047
0 0.473528 0.543353 0.052241 0.056559
0 0.487050 0.663846 0.034164 0.047374
0 0.907410 0.784515 0.099210 0.096431
0 0.865736 0.611884 0.067775 0.060178
0 0.752058 0.953063 0.109266 0.088545
0 0.648622 0.536738 0.052473 0.051902
0 0.750363 0.564861 0.077392 0.082677
0 0.974445 0.721124 0.050259 0.076158
0 0.768329 0.604500 0.056652 0.059455
0 0.692530 0.455315 0.049652 0.050827
0 0.554771 0.452666 0.043454 0.037222
0 0.876873 0.232886 0.024446 0.025614
