0 0.746793 0.726175 0.079913 0.080564
0 0.793240 0.498606 0.062754 0.071396
0 0.934589 0.696717 0.082746 0.074860
0 0.561147 0.520092 0.047463 0.050793
0 0.758835 0.586864 0.065602 0.058975
0 0.756838 0.424150 0.038508 0.043497
0 0.636185 0.504123 0.075649 0.086325
0 0.714089 0.493015 0.053842 0.055936
3 0.904395 0.781587 0.111360 0.106144
0 0.831370 0.560675 0.064699 0.064746
0 0.612531 0.421923 0.040832 0.039182
0 0.548529 0.405898 0.040608 0.038021
0 0.562977 0.354888 0.034042 0.028628
0 0.697932 0.452790 0.041910 0.042229
3 0.495002 0.655043 0.064417 0.080298
