0 0.680568 0.883546 0.088387 0.085997
0 0.718096 0.704353 0.070905 0.068415
0 0.080901 0.454617 0.052424 0.042133
0 0.562458 0.460492 0.045268 0.048439
0 0.498069 0.450992 0.048302 0.049720
0 0.318303 0.482619 0.055499 0.047139
0 0.914480 0.601396 0.075436 0.077507
0 0.437792 0.409165 0.038811 0.029492
0 0.230039 0.608423 0.071235 0.057979
0 0.322703 0.544821 0.057219 0.049058
0 0.267653 0.377229 0.033684 0.026753
0 0.506319 0.393260 0.041350 0.038940
0 0.658888 0.349742 0.030143 0.024850
0 0.493910 0.360590 0.038530 0.039555
