0 0.804726 0.705301 0.090342 0.074609
0 0.692491 0.631910 0.064083 0.064080
0 0.911254 0.643343 0.076751 0.078296
0 0.473458 0.508167 0.051309 0.056526
0 0.775745 0.476685 0.049219 0.046546
0 0.552781 0.523742 0.051016 0.048218
0 0.852573 0.573284 0.055967 0.055959
0 0.634716 0.515406 0.054669 0.054074
0 0.651021 0.747210 0.084245 0.097047
0 0.525916 0.704211 0.084214 0.108550
3 0.786289 0.596468 0.092151 0.110071
3 0.525201 0.702772 0.085670 0.109219
2 0.786140 0.596618 0.092227 0.107238
3 0.651312 0.748216 0.084264 0.097444
0 0.614304 0.404247 0.032888 0.027181
0 0.488326 0.420222 0.035700 0.029147
