0 0.825300 0.595161 0.062481 0.065514
0 0.610283 0.511075 0.042520 0.051153
0 0.769649 0.829241 0.086342 0.089571
0 0.783775 0.671810 0.070437 0.080256
0 0.687463 0.519555 0.047131 0.050809
0 0.665822 0.647957 0.085640 0.094166
0 0.563143 0.631355 0.058870 0.069186
0 0.539571 0.935843 0.104182 0.119934
0 0.457334 0.496042 0.041832 0.054079
0 0.720620 0.443821 0.043133 0.047713
0 0.669651 0.879121 0.094612 0.098267
0 0.539170 0.539028 0.047100 0.063304
0 0.764659 0.516498 0.058103 0.062138
3 0.490834 0.735873 0.082921 0.112032
0 0.481548 0.392289 0.044666 0.045129
