0 0.569293 0.635296 0.060760 0.057577
0 0.515494 0.804249 0.079275 0.098478
0 0.808992 0.839636 0.101674 0.101951
0 0.655329 0.419410 0.047505 0.039225
0 0.735537 0.585182 0.074420 0.079718
0 0.787417 0.541002 0.052064 0.048184
0 0.732201 0.448059 0.037017 0.046025
0 0.690190 0.507862 0.044537 0.050625
0 0.648802 0.787269 0.078244 0.080752
0 0.863713 0.630132 0.044988 0.040495
0 0.475935 0.658921 0.060230 0.054358
0 0.573225 0.964985 0.106985 0.066293
0 0.716814 0.408930 0.040446 0.033550
2 0.631211 0.532420 0.077282 0.095711
