0 0.509786 0.854828 0.082435 0.091838
0 0.835661 0.743925 0.086220 0.080465
0 0.697064 0.695366 0.077732 0.075389
0 0.865581 0.635166 0.067472 0.063057
0 0.635381 0.788212 0.074886 0.058588
0 0.773859 0.536036 0.054152 0.056789
0 0.484001 0.711020 0.069058 0.061347
0 0.741935 0.618593 0.065364 0.060779
0 0.678374 0.485733 0.049767 0.051537
0 0.465587 0.549902 0.046218 0.060215
0 0.643187 0.599034 0.065019 0.064256
0 0.588951 0.413556 0.037632 0.055123
0 0.889695 0.307088 0.030854 0.027445
0 0.504779 0.352169 0.039588 0.031275
0 0.969693 0.771155 0.059285 0.070580
