0 0.864487 0.736082 0.083877 0.076831
0 0.741750 0.730169 0.082908 0.075256
0 0.663720 0.590015 0.064268 0.054849
0 0.542167 0.852181 0.094930 0.113762
0 0.933837 0.682714 0.077327 0.069188
0 0.810981 0.654704 0.076640 0.063459
0 0.624423 0.482461 0.053945 0.046688
0 0.483554 0.624779 0.072174 0.089004
0 0.720771 0.523581 0.049729 0.050867
0 0.757278 0.577563 0.059306 0.057185
0 0.558420 0.576372 0.057711 0.056652
0 0.623974 0.692435 0.071228 0.077143
0 0.475797 0.458551 0.038814 0.024680
0 0.781887 0.487400 0.049694 0.044829
