0 0.789360 0.838492 0.103000 0.104486
0 0.516014 0.860088 0.087582 0.080652
0 0.824526 0.732606 0.084153 0.075105
0 0.718101 0.556602 0.065994 0.073821
0 0.707651 0.700917 0.067814 0.072888
0 0.725565 0.964270 0.104967 0.067020
0 0.956745 0.745396 0.083521 0.069355
0 0.677212 0.472575 0.047152 0.048764
0 0.765181 0.495185 0.045058 0.048888
0 0.834557 0.613220 0.068944 0.072350
0 0.894609 0.311456 0.036040 0.029192
0 0.476057 0.642435 0.059272 0.072620
0 0.565094 0.631351 0.060505 0.059303
0 0.723804 0.445257 0.044467 0.030118
0 0.602521 0.473273 0.041976 0.039601
