0 0.639836 0.850312 0.084276 0.087217
0 0.802696 0.699348 0.080079 0.067806
0 0.891138 0.659924 0.077028 0.064243
0 0.703412 0.715979 0.095933 0.106586
0 0.737941 0.627598 0.061282 0.060652
0 0.973217 0.786560 0.052815 0.076007
0 0.658457 0.628415 0.063136 0.062347
0 0.798345 0.868563 0.109417 0.111334
0 0.800841 0.574845 0.056221 0.055305
0 0.901415 0.829023 0.110983 0.112998
0 0.774785 0.521656 0.049027 0.050270
0 0.688764 0.516112 0.051231 0.051940
0 0.560621 0.618995 0.060950 0.064446
0 0.742253 0.466921 0.045314 0.055984
0 0.610685 0.500845 0.042734 0.051139
0 0.463367 0.488067 0.044404 0.042058
0 0.536880 0.976551 0.099673 0.045832
0 0.670288 0.463895 0.048209 0.055909
0 0.503297 0.756835 0.110445 0.117075
