0 0.829827 0.729926 0.074242 0.072958
0 0.492599 0.797551 0.081783 0.093379
0 0.542301 0.526164 0.046779 0.050268
0 0.616373 0.529661 0.046042 0.058658
0 0.700947 0.526407 0.061716 0.064202
0 0.753900 0.623978 0.068722 0.053468
0 0.758300 0.496071 0.046958 0.051924
0 0.509786 0.349530 0.031033 0.026055
0 0.490292 0.383009 0.034092 0.032257
3 0.676865 0.657090 0.081258 0.096291
3 0.598655 0.725453 0.097888 0.109512
0 0.676340 0.657385 0.080181 0.093415
2 0.668319 0.309075 0.041939 0.085341
0 0.708884 0.365455 0.043722 0.068660
0 0.856895 0.282707 0.033186 0.029449
0 0.662256 0.345900 0.027991 0.030386
0 0.888586 0.312858 0.030618 0.028645
