0 0.628898 0.738621 0.076183 0.083396
0 0.781277 0.625260 0.066383 0.065923
0 0.940948 0.700607 0.085486 0.073805
0 0.853211 0.580864 0.062100 0.060672
0 0.547511 0.812797 0.104822 0.143250
0 0.705312 0.897870 0.117724 0.135468
0 0.706067 0.491725 0.044695 0.052863
0 0.476014 0.554434 0.050380 0.055993
0 0.852360 0.732671 0.082360 0.086565
0 0.703681 0.641027 0.070688 0.085749
0 0.972213 0.907659 0.054671 0.107509
0 0.825124 0.840920 0.106372 0.105621
0 0.689087 0.439854 0.041826 0.047715
0 0.637300 0.527966 0.050307 0.058471
0 0.940793 0.304157 0.031044 0.030103
0 0.795267 0.510172 0.058994 0.078690
2 0.557076 0.442056 0.046440 0.074138
0 0.767199 0.465866 0.036814 0.048187
0 0.570528 0.340616 0.034576 0.034177
3 0.555879 0.439865 0.046912 0.078258
