0 0.760257 0.452421 0.042420 0.043073
0 0.846339 0.719524 0.080048 0.082581
0 0.718305 0.670222 0.078680 0.087487
0 0.652287 0.750280 0.088099 0.088017
0 0.819644 0.537251 0.057975 0.058436
0 0.500543 0.699060 0.074942 0.087224
0 0.667174 0.549503 0.061439 0.059806
0 0.876923 0.612555 0.075104 0.072818
0 0.704443 0.468609 0.046862 0.046095
0 0.618903 0.415119 0.043686 0.040234
0 0.624283 0.478999 0.051664 0.048800
3 0.584760 0.576401 0.080260 0.093916
0 0.677491 0.403177 0.039583 0.028461
0 0.564822 0.382978 0.039407 0.034953
0 0.549042 0.482689 0.046659 0.044549
