0 0.732615 0.578461 0.060646 0.061216
0 0.465890 0.586103 0.051795 0.057986
0 0.832056 0.596803 0.063522 0.056363
0 0.748775 0.770329 0.096562 0.084679
0 0.534218 0.466886 0.044513 0.050944
0 0.452811 0.497467 0.043128 0.045895
0 0.921840 0.706999 0.079099 0.065304
0 0.625688 0.767059 0.082968 0.094964
0 0.558676 0.590201 0.055796 0.052152
0 0.648007 0.609612 0.061237 0.059841
0 0.708213 0.934678 0.136794 0.128366
0 0.509979 0.821755 0.101606 0.122460
0 0.802273 0.689602 0.092282 0.079553
0 0.948530 0.892623 0.100784 0.092663
0 0.606322 0.475389 0.043902 0.048490
0 0.483057 0.710421 0.071117 0.066012
0 0.471891 0.420501 0.041107 0.036607
3 0.510403 0.822363 0.100768 0.122206
0 0.740813 0.461943 0.048737 0.045763
0 0.974355 0.772201 0.051213 0.078882
0 0.855339 0.952906 0.095415 0.086199
