0 0.655901 0.777949 0.095607 0.103617
0 0.603730 0.653984 0.067133 0.071206
0 0.567977 0.544703 0.056674 0.061446
0 0.521692 0.703656 0.072296 0.076919
0 0.634207 0.493768 0.051399 0.056907
0 0.683960 0.603524 0.066291 0.067340
0 0.500995 0.629881 0.062300 0.065953
0 0.587013 0.951323 0.131401 0.092337
0 0.897262 0.777305 0.098541 0.097670
0 0.494472 0.398569 0.035440 0.041044
0 0.739343 0.689686 0.089243 0.106311
0 0.552578 0.421347 0.042327 0.041353
0 0.569418 0.355853 0.038897 0.047548
0 0.907507 0.664183 0.078774 0.082589
3 0.907173 0.663410 0.077791 0.083552
0 0.513533 0.358804 0.029902 0.027645
0 0.309232 0.691001 0.028350 0.027544
0 0.846012 0.222346 0.034224 0.022314
3 0.819564 0.558674 0.057101 0.053835
