0 0.482241 0.733850 0.071074 0.073981
0 0.887572 0.675635 0.077933 0.070051
0 0.556189 0.595914 0.056580 0.058093
0 0.478369 0.638444 0.057305 0.061818
0 0.774791 0.660419 0.065124 0.067031
0 0.817997 0.583081 0.058886 0.054488
0 0.510712 0.340855 0.033869 0.034224
0 0.764473 0.816147 0.099181 0.103037
0 0.641550 0.580166 0.054654 0.053894
0 0.708745 0.554502 0.051445 0.040747
0 0.539711 0.481175 0.037504 0.038477
0 0.677541 0.496455 0.052689 0.045165
0 0.751410 0.484286 0.044677 0.041504
0 0.621377 0.512232 0.048885 0.054086
0 0.541838 0.914802 0.110544 0.100871
0 0.461786 0.457654 0.038152 0.042006
0 0.547072 0.375521 0.029174 0.030408
2 0.552128 0.286018 0.052528 0.060754
