0 0.926644 0.816588 0.095959 0.092439
0 0.795465 0.819834 0.099089 0.091922
0 0.852423 0.707110 0.079683 0.070708
0 0.695986 0.647689 0.070182 0.064975
0 0.961703 0.713212 0.076263 0.069899
0 0.773687 0.605515 0.058990 0.061791
0 0.500623 0.712357 0.075480 0.072605
0 0.727529 0.541264 0.055094 0.052968
0 0.637066 0.513217 0.050767 0.053095
0 0.669813 0.796278 0.093532 0.103691
0 0.788962 0.500122 0.050338 0.049703
0 0.558715 0.380713 0.032202 0.032818
0 0.474269 0.511717 0.046952 0.047365
0 0.827969 0.563729 0.063673 0.068108
0 0.972452 0.322138 0.041656 0.028503
0 0.760025 0.451582 0.046576 0.034553
0 0.581682 0.649613 0.069524 0.071248
0 0.688644 0.434936 0.039584 0.043853
