0 0.510892 0.889315 0.085098 0.100209
0 0.792813 0.854503 0.094460 0.094136
0 0.843547 0.623842 0.062951 0.059231
0 0.486855 0.769820 0.074282 0.075859
0 0.639219 0.826806 0.082275 0.084168
0 0.944093 0.893719 0.111813 0.123855
0 0.644864 0.609586 0.054662 0.056350
0 0.798817 0.701732 0.076691 0.068803
0 0.612899 0.751467 0.077337 0.094187
0 0.734320 0.742350 0.077809 0.073596
0 0.685770 0.660675 0.074913 0.073558
0 0.779439 0.541986 0.051567 0.048832
0 0.696752 0.939829 0.108565 0.098000
0 0.466421 0.676937 0.069822 0.065463
0 0.957445 0.748585 0.084608 0.080386
0 0.586592 0.668448 0.077537 0.077235
0 0.548585 0.592168 0.051074 0.060349
0 0.735926 0.606006 0.071765 0.061798
