0 0.902026 0.793660 0.094695 0.089412
0 0.516313 0.775125 0.084958 0.096690
0 0.843243 0.566852 0.059956 0.058942
0 0.769636 0.473201 0.050772 0.049897
0 0.684503 0.818661 0.091912 0.078054
0 0.716661 0.494015 0.045086 0.047661
0 0.752878 0.723974 0.093677 0.100691
0 0.686133 0.591696 0.069807 0.064876
0 0.552219 0.511679 0.051652 0.052804
0 0.634642 0.505929 0.052932 0.052437
0 0.621607 0.433620 0.049245 0.046196
0 0.682164 0.413555 0.038460 0.042114
2 0.678399 0.312864 0.052230 0.070830
2 0.602616 0.621079 0.092636 0.107212
0 0.912186 0.653533 0.079221 0.080784
2 0.513294 0.327397 0.047311 0.057385
0 0.739140 0.406811 0.040909 0.039161
