2 0.613639 0.468403 0.083510 0.143921
0 0.579587 0.670332 0.063434 0.066458
0 0.518065 0.858043 0.096433 0.099924
0 0.543850 0.539918 0.047261 0.049780
0 0.661671 0.886106 0.090818 0.082988
0 0.809024 0.872006 0.096502 0.088197
0 0.477578 0.658791 0.059461 0.056390
0 0.706987 0.675655 0.090870 0.099038
0 0.818081 0.586021 0.057608 0.050058
0 0.659918 0.612730 0.066786 0.060662
0 0.885010 0.812141 0.100542 0.080228
2 0.705448 0.475974 0.083368 0.150486
0 0.783712 0.534051 0.045755 0.033491
0 0.462838 0.528404 0.044204 0.049300
0 0.976913 0.783457 0.046173 0.063189
