0 0.539458 0.936954 0.096918 0.099095
0 0.670687 0.863712 0.084426 0.090526
0 0.692892 0.676475 0.069769 0.077872
0 0.770764 0.800361 0.086891 0.079111
0 0.736656 0.610754 0.056571 0.058870
0 0.494639 0.782337 0.076270 0.065842
0 0.552833 0.574757 0.057044 0.062369
0 0.642054 0.578509 0.066399 0.055303
0 0.766232 0.499759 0.047458 0.056522
0 0.594496 0.696894 0.077434 0.070449
0 0.544439 0.367990 0.033575 0.035627
0 0.853414 0.622136 0.079415 0.079144
3 0.853208 0.622241 0.079930 0.081057
0 0.463075 0.466472 0.038133 0.029973
0 0.585496 0.389149 0.036156 0.034591
0 0.812486 0.572805 0.054202 0.050640
2 0.542211 0.411308 0.054564 0.117933
0 0.680780 0.502321 0.063538 0.060679
