0 0.631699 0.796144 0.085523 0.086791
0 0.504191 0.835016 0.087795 0.090410
0 0.828818 0.589981 0.064891 0.060401
0 0.885942 0.675848 0.072484 0.063682
0 0.732055 0.761107 0.091711 0.094316
0 0.799131 0.875784 0.101012 0.092362
0 0.629670 0.552503 0.053219 0.051315
2 0.478876 0.599159 0.093554 0.191442
0 0.733201 0.601905 0.065315 0.060793
0 0.581903 0.697950 0.066570 0.070583
0 0.900673 0.833098 0.085390 0.072468
0 0.532227 0.513391 0.049755 0.049063
0 0.698159 0.552513 0.052726 0.052927
0 0.665542 0.644007 0.080115 0.098262
0 0.765193 0.522575 0.047394 0.050763
0 0.963169 0.760901 0.073663 0.068752
0 0.795205 0.682529 0.087772 0.115098
2 0.530553 0.420670 0.051195 0.090027
0 0.667985 0.462917 0.040323 0.043110
