0 0.688969 0.902389 0.096875 0.087964
0 0.918550 0.704337 0.076768 0.064000
0 0.919977 0.855886 0.109754 0.090844
0 0.750299 0.778342 0.092999 0.094708
0 0.502240 0.787908 0.081808 0.098746
0 0.699510 0.530925 0.056336 0.057597
0 0.791307 0.690726 0.072578 0.064023
0 0.679461 0.664329 0.078668 0.072167
0 0.468175 0.606814 0.061817 0.065340
0 0.553441 0.598193 0.058416 0.057800
0 0.752630 0.473438 0.047805 0.050870
0 0.720218 0.424020 0.037192 0.042100
0 0.530714 0.388326 0.041705 0.072928
0 0.493344 0.374497 0.035795 0.036211
0 0.558631 0.347405 0.034413 0.033788
