0 0.669352 0.811959 0.091114 0.089672
0 0.734964 0.703846 0.079305 0.077775
0 0.576709 0.925469 0.099090 0.112517
0 0.765200 0.964587 0.129612 0.067984
0 0.662281 0.567912 0.065151 0.062898
0 0.595535 0.651726 0.067480 0.073403
0 0.821032 0.825808 0.122801 0.129016
0 0.629262 0.455141 0.041133 0.043279
0 0.524481 0.778715 0.070765 0.083957
0 0.882745 0.639625 0.068291 0.067216
0 0.640512 0.499153 0.049146 0.052931
0 0.492405 0.664847 0.069167 0.075164
0 0.740947 0.431334 0.053348 0.058990
0 0.485292 0.451839 0.041770 0.047193
0 0.557309 0.482258 0.046882 0.047573
0 0.985127 0.772730 0.029020 0.066809
