0 0.691964 0.622930 0.064706 0.060580
0 0.496415 0.686314 0.077833 0.072584
0 0.765796 0.591077 0.061444 0.060133
0 0.835934 0.696370 0.088164 0.069371
0 0.789842 0.788223 0.087200 0.079084
0 0.623310 0.726149 0.071565 0.073854
0 0.602278 0.950593 0.128985 0.092527
0 0.892979 0.643718 0.070318 0.063461
0 0.589473 0.593513 0.060063 0.059584
0 0.756127 0.432067 0.041511 0.047206
0 0.819169 0.530515 0.063159 0.065028
0 0.734400 0.537332 0.051066 0.052171
0 0.712963 0.901910 0.105920 0.132918
3 0.818869 0.529802 0.064748 0.068121
