0 0.632884 0.775898 0.092888 0.100621
0 0.461771 0.577806 0.060167 0.058138
0 0.502349 0.729293 0.071616 0.085286
2 0.779054 0.783637 0.147963 0.181051
3 0.898466 0.671416 0.080542 0.078883
0 0.781148 0.662765 0.068006 0.061756
0 0.613062 0.506676 0.049158 0.055423
0 0.464910 0.466639 0.050990 0.051645
3 0.674068 0.618582 0.096882 0.106847
0 0.740047 0.963908 0.153801 0.071361
3 0.771032 0.504285 0.066175 0.077995
0 0.745415 0.590902 0.055253 0.048300
0 0.714851 0.371579 0.032514 0.030645
0 0.615482 0.333436 0.032361 0.029856
