0 0.484915 0.659372 0.069361 0.073250
0 0.644220 0.771589 0.080803 0.065316
0 0.890043 0.768079 0.093807 0.078187
0 0.749853 0.569019 0.055824 0.059076
0 0.531938 0.864730 0.086369 0.089960
0 0.582098 0.609565 0.061283 0.063839
0 0.755821 0.445463 0.039347 0.043496
0 0.839072 0.566574 0.053269 0.056065
0 0.648650 0.543731 0.053530 0.056280
0 0.623979 0.476229 0.050454 0.048171
0 0.477377 0.489870 0.040012 0.047686
0 0.552987 0.468439 0.047059 0.048946
3 0.914453 0.650043 0.094740 0.087187
0 0.935533 0.306546 0.033558 0.025304
0 0.552193 0.303245 0.027149 0.024183
