0 0.505171 0.764025 0.088161 0.097056
0 0.883266 0.788180 0.097980 0.076562
0 0.471499 0.647188 0.054919 0.063619
0 0.689813 0.688902 0.082675 0.088323
0 0.778648 0.532970 0.052573 0.052845
0 0.728781 0.594371 0.061291 0.061025
0 0.537152 0.529022 0.046711 0.046742
0 0.616218 0.520356 0.044744 0.044403
0 0.834458 0.609545 0.071611 0.065449
0 0.690124 0.510675 0.048835 0.046233
0 0.734760 0.446885 0.035816 0.042864
0 0.668746 0.466182 0.043377 0.043924
0 0.025283 0.439977 0.050383 0.062074
0 0.606391 0.473026 0.042102 0.046844
0 0.732928 0.961827 0.138465 0.072787
0 0.558300 0.346705 0.031792 0.036185
0 0.528614 0.324129 0.033741 0.028413
2 0.569988 0.274795 0.053237 0.060935
0 0.810691 0.898096 0.125252 0.158789
