0 0.536812 0.772835 0.076846 0.080188
0 0.618799 0.703648 0.070876 0.069479
0 0.690450 0.844822 0.090181 0.093223
0 0.904502 0.625162 0.070305 0.066230
0 0.841045 0.868080 0.093911 0.084104
0 0.572837 0.587473 0.056166 0.057894
0 0.463483 0.541517 0.028099 0.041294
0 0.726389 0.699950 0.083112 0.086922
0 0.809349 0.656765 0.078014 0.075876
0 0.669416 0.577923 0.061280 0.063325
0 0.796623 0.499696 0.051319 0.053348
0 0.745871 0.558916 0.065147 0.061024
0 0.491096 0.648145 0.068269 0.081424
0 0.819788 0.545087 0.061169 0.053641
0 0.646151 0.524244 0.051459 0.046945
0 0.628256 0.461356 0.043874 0.046448
0 0.703472 0.480683 0.062291 0.070165
