0 0.810146 0.885346 0.098531 0.109701
0 0.836142 0.731222 0.093012 0.096546
0 0.669417 0.863328 0.094554 0.096665
0 0.465234 0.638149 0.055966 0.063848
0 0.955702 0.771987 0.087967 0.091684
0 0.512797 0.824555 0.081168 0.105865
0 0.816395 0.602727 0.065759 0.070395
0 0.860937 0.669757 0.079895 0.070885
0 0.546812 0.624316 0.061082 0.059794
2 0.535001 0.426695 0.042911 0.093782
0 0.669612 0.650950 0.062305 0.068517
0 0.543752 0.541413 0.049178 0.050765
0 0.729848 0.608947 0.060677 0.069390
2 0.599000 0.463668 0.046639 0.065470
0 0.613799 0.534948 0.047295 0.066133
0 0.758250 0.485159 0.041891 0.047869
