0 0.526194 0.918541 0.093703 0.102820
0 0.533381 0.557675 0.056434 0.054093
0 0.489456 0.743899 0.081521 0.090984
0 0.613006 0.771515 0.077959 0.091773
0 0.643985 0.589544 0.056738 0.056669
0 0.736768 0.615048 0.064222 0.066645
0 0.751954 0.784068 0.081964 0.082547
0 0.532014 0.463575 0.036438 0.042869
0 0.667175 0.472819 0.041987 0.041529
0 0.592002 0.688707 0.066166 0.065823
0 0.826112 0.609922 0.061796 0.060086
0 0.698681 0.548250 0.051317 0.053621
0 0.622827 0.505147 0.051622 0.052126
2 0.456367 0.513283 0.054304 0.100295
