0 0.915093 0.802122 0.100782 0.078341
0 0.745683 0.727415 0.081988 0.077745
0 0.621835 0.694599 0.073944 0.066116
0 0.881585 0.621716 0.066205 0.061206
0 0.661907 0.581727 0.063305 0.061981
0 0.755843 0.571054 0.061374 0.048239
0 0.038509 0.435864 0.038804 0.061581
0 0.727902 0.524708 0.048666 0.057071
0 0.778221 0.620812 0.065272 0.063741
0 0.625412 0.485064 0.051618 0.044010
0 0.615516 0.411610 0.034752 0.038975
0 0.749164 0.421947 0.043680 0.040505
0 0.493012 0.390682 0.033501 0.027379
0 0.571048 0.520628 0.053175 0.061389
