0 0.788305 0.636987 0.073219 0.069557
0 0.709713 0.491356 0.045758 0.046600
0 0.785916 0.495971 0.043365 0.050074
0 0.586286 0.634366 0.069406 0.061875
0 0.559124 0.514458 0.045411 0.049713
0 0.626109 0.476239 0.044164 0.047239
0 0.497918 0.700109 0.065545 0.075157
0 0.475080 0.551226 0.052178 0.056121
0 0.492160 0.415266 0.031195 0.031785
0 0.909147 0.670850 0.075695 0.087250
0 0.615220 0.424270 0.041466 0.040351
0 0.569990 0.943584 0.094271 0.090317
0 0.740351 0.410838 0.040783 0.040490
0 0.558224 0.412846 0.038821 0.036172
