0 0.803866 0.878673 0.099826 0.091574
0 0.785300 0.669598 0.078535 0.068480
0 0.908408 0.834956 0.098927 0.079520
0 0.591754 0.685973 0.067409 0.066931
0 0.498541 0.732615 0.075622 0.069293
0 0.751185 0.774834 0.083807 0.083808
0 0.509039 0.827841 0.092701 0.132884
0 0.663110 0.849595 0.096023 0.116687
0 0.695770 0.690317 0.068347 0.080104
0 0.646351 0.596650 0.064868 0.055307
0 0.699998 0.540017 0.052106 0.044391
0 0.952763 0.744208 0.090995 0.078379
0 0.736207 0.459511 0.043105 0.064685
0 0.861913 0.646755 0.072674 0.062711
0 0.820207 0.602529 0.064618 0.039938
0 0.550665 0.561935 0.054176 0.057709
