0 0.679035 0.823539 0.090971 0.087234
0 0.837880 0.876301 0.111207 0.094099
0 0.939951 0.847049 0.119013 0.118184
0 0.716274 0.673970 0.075435 0.073090
0 0.573973 0.573919 0.054434 0.051070
0 0.977418 0.728966 0.044526 0.068188
0 0.783534 0.632559 0.070055 0.064567
0 0.677286 0.606589 0.061153 0.061251
3 0.524195 0.727989 0.137686 0.227680
0 0.608184 0.686430 0.086708 0.103615
2 0.522946 0.727833 0.136784 0.230397
0 0.698204 0.491712 0.049227 0.050336
3 0.881737 0.615593 0.076437 0.080914
0 0.794220 0.498110 0.055742 0.053021
0 0.970930 0.316945 0.055717 0.036328
0 0.766242 0.462774 0.043640 0.042419
2 0.482061 0.515558 0.076974 0.144914
0 0.730474 0.552000 0.059424 0.053521
