0 0.719935 0.692959 0.074792 0.073329
0 0.837196 0.702818 0.083804 0.077555
0 0.605401 0.643644 0.070042 0.081077
0 0.920085 0.666502 0.071750 0.069419
0 0.725155 0.929003 0.103768 0.108848
0 0.794253 0.629478 0.068789 0.063682
0 0.531065 0.794352 0.077890 0.106646
0 0.716988 0.514093 0.045731 0.053652
0 0.654031 0.565791 0.058453 0.053892
0 0.752136 0.562915 0.053159 0.055683
0 0.622581 0.466733 0.051357 0.047409
0 0.778124 0.482257 0.049247 0.043975
0 0.478325 0.450683 0.040655 0.036165
0 0.555396 0.548558 0.052652 0.052983
0 0.810328 0.539275 0.054849 0.058547
0 0.958734 0.317557 0.039178 0.031077
0 0.854768 0.931555 0.159084 0.129679
