0 0.632398 0.805251 0.088576 0.086710
0 0.669757 0.635457 0.066830 0.068100
0 0.812209 0.892481 0.113343 0.097802
0 0.919831 0.826238 0.092621 0.092568
0 0.573822 0.627264 0.063500 0.066362
0 0.723644 0.567437 0.055280 0.063128
0 0.626888 0.538821 0.060037 0.064701
0 0.486027 0.408243 0.028793 0.033050
0 0.491507 0.821594 0.082555 0.088184
0 0.802445 0.559968 0.063709 0.059680
0 0.471962 0.609373 0.056452 0.064080
0 0.768775 0.508262 0.044727 0.038318
0 0.608431 0.478500 0.045500 0.049556
3 0.869906 0.636658 0.063719 0.071266
0 0.538885 0.515607 0.045173 0.048825
0 0.868974 0.635884 0.064760 0.070204
0 0.658834 0.396408 0.033856 0.042750
0 0.669843 0.446124 0.042319 0.036458
