0 0.610770 0.747721 0.080166 0.079820
0 0.534039 0.843555 0.087816 0.092031
0 0.713116 0.730956 0.075637 0.073324
0 0.653657 0.610961 0.063239 0.060521
0 0.868941 0.635566 0.068123 0.073128
0 0.727594 0.442642 0.054526 0.056278
0 0.779361 0.532503 0.048240 0.051086
0 0.562464 0.621094 0.068606 0.072760
0 0.606893 0.461919 0.039867 0.044225
0 0.811310 0.697729 0.093537 0.101629
0 0.531421 0.319449 0.026630 0.028402
2 0.664310 0.334567 0.043974 0.089654
0 0.534670 0.454775 0.038716 0.041594
0 0.478826 0.676336 0.068038 0.074666
0 0.656405 0.386623 0.030869 0.034606
0 0.462926 0.443081 0.041666 0.043461
0 0.457205 0.525897 0.050194 0.037423
0 0.594718 0.394553 0.034296 0.040071
0 0.550587 0.555874 0.047867 0.051877
0 0.666670 0.456082 0.040439 0.047434
0 0.966663 0.763164 0.065530 0.106370
0 0.483618 0.402414 0.036374 0.023419
0 0.715185 0.543958 0.074995 0.090645
