0 0.782874 0.797475 0.090809 0.087106
0 0.788895 0.636890 0.070814 0.072524
0 0.588677 0.641952 0.060258 0.063846
0 0.503697 0.721193 0.069673 0.076628
0 0.896110 0.638646 0.088646 0.090152
0 0.661877 0.788278 0.103771 0.110049
0 0.569134 0.929443 0.102365 0.127488
0 0.940577 0.818604 0.117883 0.111820
0 0.689575 0.635339 0.064304 0.075901
3 0.895311 0.638760 0.089410 0.089130
0 0.556658 0.518941 0.048919 0.049935
0 0.789458 0.493962 0.045055 0.051127
0 0.623791 0.493137 0.050773 0.047920
0 0.491721 0.404605 0.035819 0.036018
2 0.605159 0.387737 0.060984 0.079156
0 0.308829 0.692358 0.030437 0.025926
