0 0.706498 0.538618 0.046317 0.049746
2 0.798767 0.495081 0.110236 0.159325
0 0.589670 0.700783 0.070316 0.071711
0 0.842130 0.615674 0.064974 0.063011
0 0.691196 0.693314 0.077248 0.068842
0 0.730287 0.767823 0.079741 0.082790
0 0.627729 0.568096 0.053189 0.059139
0 0.504015 0.749773 0.073766 0.078168
0 0.555593 0.588693 0.062313 0.073215
0 0.686197 0.934788 0.092238 0.094219
0 0.518895 0.874349 0.088535 0.098016
0 0.748833 0.612746 0.069668 0.070629
0 0.476773 0.682560 0.076585 0.079731
3 0.881160 0.744103 0.141628 0.166444
2 0.457528 0.456395 0.065743 0.111360
0 0.892818 0.837477 0.085400 0.074661
