0 0.627285 0.819499 0.081814 0.083715
0 0.785855 0.851696 0.108833 0.111085
0 0.877704 0.644179 0.074076 0.061343
0 0.880898 0.801523 0.107706 0.115159
0 0.788570 0.682771 0.072797 0.069681
0 0.654446 0.613385 0.064351 0.062272
0 0.553820 0.598782 0.059440 0.060693
0 0.962014 0.764964 0.074959 0.074545
0 0.728843 0.612543 0.058191 0.058863
0 0.737292 0.461683 0.042772 0.059085
0 0.794054 0.566747 0.053837 0.056834
0 0.699305 0.700653 0.098722 0.102731
0 0.723673 0.963645 0.114116 0.068582
0 0.771952 0.515243 0.049744 0.045563
0 0.684100 0.506125 0.047150 0.047936
0 0.533203 0.517883 0.046629 0.052159
0 0.461586 0.478509 0.042532 0.041341
