0 0.705849 0.490570 0.045148 0.049728
0 0.867687 0.617777 0.066813 0.063548
0 0.732416 0.705090 0.074998 0.079029
0 0.845114 0.726545 0.082374 0.080555
0 0.615540 0.678023 0.072386 0.094621
0 0.496824 0.649990 0.061871 0.064846
0 0.799014 0.644594 0.076336 0.066988
0 0.534093 0.822633 0.091457 0.110804
0 0.658832 0.565286 0.061645 0.067382
0 0.488770 0.397572 0.033090 0.039894
0 0.820617 0.535898 0.056942 0.060465
2 0.531146 0.307467 0.046347 0.078252
3 0.828552 0.845050 0.132149 0.148657
0 0.726667 0.552604 0.055419 0.057639
