0 0.900307 0.801742 0.095412 0.085717
0 0.880769 0.635247 0.069542 0.069154
0 0.792243 0.802092 0.092652 0.095290
0 0.837714 0.699874 0.083698 0.075671
0 0.664932 0.797562 0.091115 0.114753
0 0.516478 0.744827 0.069550 0.075815
0 0.683818 0.615450 0.073592 0.084654
0 0.825052 0.547323 0.052923 0.054320
0 0.722794 0.526904 0.052998 0.055832
0 0.480860 0.433776 0.040412 0.043177
0 0.565163 0.366189 0.029870 0.032928
0 0.901681 0.957396 0.194040 0.082284
0 0.639472 0.513193 0.050504 0.057058
0 0.779314 0.496412 0.066316 0.066489
0 0.565767 0.531290 0.049014 0.056203
0 0.752733 0.590929 0.061646 0.069629
