0 0.889350 0.767716 0.085082 0.079461
0 0.828170 0.855802 0.092820 0.093556
0 0.726298 0.691432 0.069653 0.080610
0 0.753380 0.594607 0.057701 0.062764
0 0.709943 0.502929 0.048079 0.056865
3 0.665696 0.797974 0.109401 0.126569
0 0.679800 0.428485 0.040777 0.040367
0 0.489341 0.606072 0.057726 0.067097
0 0.520508 0.803725 0.083557 0.105929
0 0.584575 0.577875 0.074319 0.086352
2 0.726587 0.327985 0.056319 0.102344
0 0.752621 0.427205 0.042701 0.038842
2 0.839764 0.528574 0.139997 0.187326
3 0.960145 0.706178 0.078769 0.109848
