0 0.479708 0.672014 0.074609 0.085771
0 0.648303 0.608832 0.069160 0.063185
0 0.509338 0.895926 0.083719 0.073590
0 0.704236 0.547615 0.058327 0.056697
0 0.795939 0.561728 0.058997 0.057307
0 0.676967 0.477656 0.045416 0.041124
0 0.755571 0.491705 0.044338 0.046377
0 0.873488 0.787336 0.100439 0.098581
0 0.812263 0.698223 0.075535 0.066905
0 0.654451 0.825506 0.106769 0.102774
0 0.544623 0.306438 0.033076 0.029008
0 0.465212 0.583002 0.041826 0.050388
3 0.721971 0.748785 0.095778 0.103824
0 0.721489 0.748489 0.097249 0.104988
3 0.654554 0.825968 0.106781 0.102880
0 0.605466 0.476231 0.041863 0.046979
