0 0.916088 0.818678 0.099192 0.097014
0 0.735598 0.715654 0.078489 0.074155
0 0.577196 0.606638 0.060590 0.061948
0 0.618599 0.726135 0.072570 0.072763
0 0.954703 0.728998 0.089585 0.078406
0 0.561738 0.363794 0.036960 0.043945
0 0.648422 0.544159 0.052807 0.063767
0 0.500352 0.398754 0.038471 0.040082
0 0.765952 0.609671 0.056817 0.059598
0 0.850843 0.591925 0.065141 0.076119
3 0.582496 0.872039 0.198638 0.247016
0 0.623069 0.473783 0.046438 0.046244
0 0.679407 0.420554 0.046614 0.058298
2 0.583885 0.872190 0.198441 0.246050
