2 0.823618 0.532601 0.130897 0.179957
0 0.616864 0.773024 0.080255 0.072919
0 0.504027 0.759760 0.071743 0.079370
0 0.886791 0.676177 0.076028 0.062378
0 0.785051 0.664805 0.077895 0.081366
0 0.779800 0.845240 0.098036 0.102822
0 0.703934 0.531349 0.049416 0.050460
0 0.729593 0.582428 0.054297 0.053723
0 0.641774 0.598856 0.057112 0.058552
0 0.729985 0.759381 0.074316 0.063495
3 0.936572 0.825693 0.126243 0.173551
0 0.476433 0.681991 0.075323 0.085118
2 0.457996 0.470842 0.071135 0.128379
0 0.678567 0.493206 0.045481 0.042158
0 0.735819 0.464571 0.036807 0.032254
