0 0.476267 0.689875 0.057809 0.062676
0 0.517159 0.819319 0.100472 0.117435
0 0.546302 0.561979 0.051471 0.050961
0 0.740546 0.465404 0.042631 0.045647
0 0.699240 0.528951 0.051407 0.047351
0 0.627790 0.549947 0.047642 0.047847
0 0.797777 0.556807 0.055568 0.052936
0 0.674763 0.481509 0.045859 0.041465
0 0.472610 0.602748 0.054364 0.060886
0 0.859696 0.639881 0.074335 0.069901
0 0.750952 0.626017 0.063484 0.068962
0 0.520422 0.331773 0.032395 0.029137
3 0.955671 0.752180 0.086870 0.082486
0 0.539323 0.454841 0.040554 0.047767
0 0.727425 0.750964 0.086174 0.096467
3 0.723744 0.749782 0.091792 0.097329
3 0.925073 0.846426 0.103524 0.076337
0 0.612347 0.489747 0.039490 0.049623
2 0.560546 0.281632 0.052728 0.061367
0 0.930522 0.847485 0.092164 0.070179
0 0.461454 0.485290 0.044288 0.046006
0 0.480670 0.405807 0.038834 0.033604
0 0.554217 0.355179 0.029576 0.041391
