0 0.520077 0.731092 0.089700 0.122194
0 0.933705 0.811203 0.127033 0.132189
0 0.685542 0.596229 0.075416 0.088825
0 0.806168 0.853991 0.093669 0.088266
0 0.934242 0.682431 0.091849 0.093444
0 0.675137 0.795099 0.081928 0.084944
0 0.599674 0.638252 0.068173 0.081731
0 0.568455 0.545781 0.054182 0.057629
0 0.649844 0.527167 0.054059 0.056837
0 0.833302 0.571197 0.065118 0.069935
0 0.771410 0.491285 0.053473 0.047649
0 0.624493 0.438834 0.047059 0.050451
0 0.308894 0.692326 0.029345 0.028028
0 0.490804 0.583439 0.054130 0.056921
