0 0.568923 0.636348 0.059695 0.069535
0 0.661209 0.632995 0.068182 0.064916
0 0.481671 0.677506 0.064825 0.071059
0 0.808865 0.566701 0.060194 0.065950
0 0.625191 0.542010 0.053421 0.056265
0 0.486703 0.775572 0.079358 0.082099
0 0.935324 0.801578 0.091511 0.078493
0 0.687829 0.495805 0.061362 0.067600
0 0.543176 0.535409 0.053981 0.065539
0 0.753834 0.491935 0.043005 0.044277
0 0.558802 0.292569 0.024481 0.032331
0 0.754513 0.619527 0.079900 0.091174
3 0.896650 0.663092 0.102275 0.097283
0 0.460146 0.561070 0.054847 0.060261
0 0.658014 0.369843 0.028753 0.029182
0 0.526873 0.326840 0.034080 0.031561
0 0.720620 0.392599 0.049459 0.053028
0 0.605935 0.422021 0.036883 0.053576
